
WAVES/D	CurvatureSequence	CurveMag	CurvePhase	EndEffects	HalfCurveMag	HalfCurvePhase	Sequence_angle_energy	Sequence_angle_exp	Sequence_angle_exp_smth	Sequence_phase
	0	0	0	0	0	0	inf	0	0.2571251029573554	0
	0	0	0	0	0	0	inf	0	0.2597887080447849	27.689
	0	0	0	0	0	0	inf	0	0.2624635125216046	67.673
	0	0	0	0	0	0	inf	0	0.2651495112401676	95.36199999999999
	0	0	0	0	0	0	inf	0	0.2678466988140584	131.348
	0	0	0	0	0	0	inf	0	0.2705550696177505	162.835
	0	0	0	0	0	0	inf	0	0.2732746177862712	198.441
	0	0	0	0	0	0	inf	0	0.2760053372148702	235.326
	0	0	0	0	0	0	inf	0	0.2787472215586942	263.015
	0	0	0	0	0	0	inf	0	0.2815002642324664	298.621
	0	0	0	0	0	0	inf	0	0.2842644584101724	335.506
	0	0	0	0	0	0	inf	0	0.2870397970247504	365.294
	0	0	0	0	0	0	inf	0	0.2898262727677867	398.95
	0	0	0	0	0	0	inf	0	0.2926238780892179	433.336
	0	0	0	0	0	0	inf	0	0.295432605197037	468.942
	0	0	0	0	0	0	inf	0	0.2982524460570061	504.928
	0	0	0	0	0	0	inf	0	0.3010833923923735	540.534
	0	0	0	0	0	0	inf	0	0.3039254356835971	574.92
	0	0	0	0	0	0	inf	0	0.3067785671680732	604.708
	0	0	0	0	0	0	inf	0	0.3096427778398699	641.593
	0	0	NAN	0	0	0	inf	0	0.3125180584494671	677.199
	0	0	NAN	0	0	0	inf	0	0.3154043995035014	704.8879999999999
	0	0	NAN	0	0	0	inf	0	0.3183017912645166	739.2739999999999
	0	0	NAN	0	0	0	inf	0	0.3212102237507197	776.1589999999999
	0	0	NAN	0	0	0	inf	0	0.3241296867357428	803.8479999999998
	0	0	NAN	0	0	0	inf	0	0.3270601697484097	838.3339999999998
	0	0	NAN	0	0	0	inf	0	0.3300016620725091	872.7199999999998
	0	0	NAN	0	0	0	inf	0	0.3329541527465729	908.7059999999998
	0	0	NAN	0	0	0	inf	0	0.3359176305636596	944.3119999999998
	0	0	NAN	0	0	0	inf	0	0.3388920840711442	975.7989999999998
	0	0	NAN	0	0	0	inf	0	0.3418775015705133	1011.405
	0	0	NAN	0	0	0	inf	0	0.3448738711171653	1045.891
	0	0	NAN	0	0	0	inf	0	0.3478811805202173	1082.776
	0	0	NAN	0	0	0	inf	0	0.3508994173423167	1114.263
	0	0	NAN	0	0	0	inf	0	0.3539285688994589	1149.869
	0	0	NAN	0	0	0	inf	0	0.3569686222608108	1185.475
	0	0	NAN	0	0	0	inf	0	0.3600195642485392	1219.961
	0	0	NAN	0	0	0	inf	0	0.3630813814376462	1254.347
	0	0	NAN	0	0	0	inf	0	0.3661540601558087	1289.953
	0	0	NAN	0	0	0	inf	0	0.369237586483225	1325.939
	0	0	NAN	0	0	0	inf	0	0.3723319462524663	1361.545
	0	0	NAN	0	0	0	inf	0	0.3754371250483343	1389.234
	0	0	NAN	0	0	0	inf	0	0.378553108207724	1423.62
	0	0	NAN	0	0	0	inf	0	0.3816798808194933	1459.226
	0	0	NAN	0	0	0	inf	0	0.384817427724337	1494.832
	0	0	NAN	0	0	0	inf	0	0.3879657335146676	1530.438
	0	0	NAN	0	0	0	inf	0	0.3911247825345015	1566.044
	0	0	NAN	0	0	0	inf	0	0.3942945588793507	1602.929
	0	0	NAN	0	0	0	inf	0	0.3974750463961211	1630.618
	0	0	NAN	0	0	0	inf	0	0.4006662286830154	1666.224
	0	0	NAN	0	0	0	inf	0	0.403868089089443	1701.83
	0	0	NAN	0	0	0	inf	0	0.407080610715935	1737.436
	0	0	NAN	0	0	0	inf	0	0.4103037764140649	1771.922
	0	0	NAN	0	0	0	inf	0	0.4135375687863761	1808.807
	0	0	NAN	0	0	0	inf	0	0.4167819701863138	1844.413
	0	0	NAN	0	0	0	inf	0	0.4200369627181642	1875.9
	0	0	NAN	0	0	0	inf	0	0.4233025282369981	1911.886
	0	0	NAN	0	0	0	inf	0	0.4265786483486219	1943.373000000001
	0	0	NAN	0	0	0	inf	0	0.4298653044095333	1979.359000000001
	0	0	NAN	0	0	0	inf	0	0.433162477526883	2013.745000000001
	0	0	NAN	0	0	0	inf	0	0.4364701485584431	2043.533000000001
	0	0.7459254980170601	2.18297971148467	0	0	0	inf	0	0.4397882981125803	2083.517000000001
	0	1.028521759775619	5.821092396442168	0	0	0	inf	0	0.443116906548236	2118.003000000001
	0	1.369266246352096	2.551833137715207	0	0	0	inf	0	0.4464559539749114	2149.490000000001
	0	1.466190132894933	1.165991935511869	0	0	0	inf	0	0.4498054202526591	2185.096000000001
	0	1.307377949181193	0.7209533309346412	0	0	0	inf	0	0.4531652849920808	2221.082000000001
	0	1.534425405486977	2.200601486561332	0	0	0	inf	0	0.4565355275543296	2256.688000000001
	0	1.457159310048898	4.928815221731604	0	0	0	inf	0	0.4599161270511204	2288.175000000001
	0	1.462492461484193	4.816665176001699	0	0	0	inf	0	0.4633070623447442	2323.781000000001
	0	1.257817747721611	5.163316995925435	0	0	0	inf	0	0.4667083120480893	2359.387000000002
	0	1.276569250164185	5.171864759771864	0	0	0	inf	0	0.4701198545246686	2394.993000000002
	0	1.456450396447554	5.432731218375423	0	0	0	inf	0	0.4735416678886525	2430.979000000002
	0	1.52908664909078	1.907158402977153	0	0	0	inf	0	0.4769737300049075	2458.668000000001
	0	1.568355769199667	2.156220357072421	0	0	0	inf	0	0.4804160184890413	2495.553000000002
	0	1.510040008004872	4.70244112877149	0	0	0	inf	0	0.4838685107074538	2527.040000000002
	0	0.9305951850506855	1.376029134761609	0	0	0	inf	0	0.4873311837773935	2562.646000000002
	0	1.375514259299062	4.069502638790318	0	0	0	inf	0	0.4908040145670209	2597.132000000002
	0	0.2758193450035026	1.746133932213461	0	0	0	inf	0	0.4942869796954766	2634.017000000002
	0	0.9030763333625029	0.2065795621950102	0	0	0	inf	0	0.4977800555329565	2669.623000000002
	0	1.063435709726144	2.409148111850229	0	0	0	inf	0	0.5012832182007926	2701.110000000002
	0	1.134440682414075	2.714038400135955	0	0	0	inf	0	0.5047964435715395	2736.716000000003
	0	1.148108975670625	3.929411873771109	0	0	0	inf	0	0.5083197072690673	2772.322000000003
	0	1.09940953624622	2.285638105469431	0	0	0	inf	0	0.51185298466866	2806.808000000003
	0	1.190365397359781	2.24460554583505	0	0	0	inf	0	0.5153962508971212	2846.792000000003
	0	1.009589956247783	2.962368892769099	0	0	0	inf	0	0.5189494808328836	2874.481000000002
	0	0.8005177109477036	0.2212362103181462	0	0	0	inf	0	0.5225126491061266	2908.967000000002
	0	1.063958985964556	1.286779740344862	0	0	0	inf	0	0.5260857300988994	2945.852000000003
	0	1.112990429628663	1.316262608977823	0	0	0	inf	0	0.5296686979452484	2981.458000000003
	0	1.109912583363767	0.03848111692015976	0	0	0	inf	0	0.5332615265313539	3009.147000000003
	0	0.3049907001633789	3.329023131704055	0	0	0	inf	0	0.5368641894956697	3049.131000000003
	0	0.383112208160135	0.97517187108771	0	0	0	inf	0	0.5404766602290704	3076.820000000002
	0	0.977348875741503	0.1883480844143151	0	0	0	inf	0	0.5440989118750039	3113.705000000003
	0	1.363596068724783	0.3820081644128379	0	0	0	inf	0	0.5477309173296516	3141.394000000003
	0	1.036401720838196	0.8968847884197331	0	0	0	inf	0	0.5513726492420921	3177.000000000003
	0	0.7208946873282576	0.8835017202880167	0	0	0	inf	0	0.5550240800144727	3213.885000000003
	0	0.5573475883379295	5.641988918214501	0	0	0	inf	0	0.5586851818021868	3241.574000000003
	0	0.6185294823835223	2.650235109760651	0	0	0	inf	0	0.5623559265140569	3277.180000000003
	0	1.024682663261456	1.742131373308347	0	0	0	inf	0	0.566036285812523	3311.666000000003
	0	0.9961768230731024	2.421411748115368	0	0	0	inf	0	0.5697262311138391	3348.551000000003
	0	0.6318407580172465	0.3777462026067866	0	0	0	inf	0	0.573425733588274	3380.038000000003
	0	0.8569494174943507	1.524907575264706	0	0	0	inf	0	0.5771347641603181	3416.923000000003
	0	0.9761755879917975	3.099832690330807	0	0	0	inf	0	0.5808532935088976	3451.409000000003
	0	1.20402578759725	6.266103447380637	0	0	0	inf	0	0.5845812920675931	3479.098000000003
	0	1.528520376487469	3.66679182638395	0	0	0	inf	0	0.5883187300248662	3519.082000000003
	0	1.492424352256899	2.580793289342893	0	0	0	inf	0	0.5920655773242898	3546.771000000003
	0	1.088173850069472	0.02252146549120937	0	0	0	inf	0	0.5958218036647864	3582.377000000003
	0	0.574384720442365	4.227255578286325	0	0	0	inf	0	0.5995873785008721	3619.262000000003
	0	1.035342094073344	3.539706205558929	0	0	0	inf	0	0.6033622710429055	3646.951000000003
	0	1.26911182771908	3.887374078200324	0	0	0	inf	0	0.607146450257344	3683.836000000003
	0	0.9320592931912788	2.836862000690779	0	0	0	inf	0	0.6109398848670053	3713.624000000003
	0	1.183896744112599	2.749413591265267	0	0	0	inf	0	0.6147425433513355	3750.509000000004
	0	0.6483080139683953	3.229827671018839	0	0	0	inf	0	0.6185543939466812	3786.115000000004
	0	0.378852212985927	6.053925072280002	0	0	0	inf	0	0.6223754046465694	3817.602000000004
	0	0.9193384045090024	3.833509948177976	0	0	0	inf	0	0.6262055432019912	3852.088000000004
	0	1.388620436023845	3.552408445993947	0	0	0	inf	0	0.630044777121692	3885.744000000004
	0	1.168811423012377	3.149737843965021	0	0	0	inf	0	0.6338930736724676	3920.130000000004
	0	1.222068103000303	3.66045431708563	0	0	0	inf	0	0.6377503998794654	3955.736000000004
	0	1.090971957261033	4.064412822351521	0	0	0	inf	0	0.6416167225264908	3991.342000000004
	0	0.7263722413046226	0.630704323014676	0	0	0	inf	0	0.6454920081563217	4025.828000000004
	0	0.451725841665549	3.233518581121722	0	0	0	inf	0	0.6493762230710252	4065.812000000004
	0	0.3424837851681944	4.339239095807436	0	0	0	inf	0	0.6532693333322823	4093.501000000004
	0	1.446554668428144	3.401672512114921	0	0	0	inf	0	0.6571713047617186	4130.386000000004
	0	0.488250563486472	1.812002934355391	0	0	0	inf	0	0.6610821029412381	4164.042000000004
	0	0.6772041161123361	0.063488872824216	0	0	0	inf	0	0.6650016932133657	4191.731000000004
	0	1.155039171911792	0.2685078166059398	0	0	0	inf	0	0.6689300406815933	4227.337000000004
	0	1.05131111813692	0.1207200957265826	0	0	0	inf	0	0.6728671102107334	4262.943000000004
	0	0.9320752764367208	0.3075676886482768	0	0	0	inf	0	0.6768128664272758	4298.549000000004
	0	1.389678326619613	3.669520119943265	0	0	0	inf	0	0.6807672737197528	4333.035000000003
	0	1.262106025172579	2.568523613627768	0	0	0	inf	0	0.6847302962391082	4367.421000000004
	0	1.395267788211541	4.168832395515523	0	0	0	inf	0	0.6887018978990729	4403.027000000004
	0	1.479560479391174	2.011256829123298	0	0	0	inf	0	0.6926820423765457	4439.912000000004
	0	0.6026198030000226	5.898668920021791	0	0	0	inf	0	0.6966706931119804	4469.700000000003
	0	0.6914192255040292	3.892590472961224	0	0	0	inf	0	0.7006678133097776	4509.684000000004
	0	0.7727834598998783	4.822978188593744	0	0	0	inf	0	0.7046733659386835	4537.373000000004
	0	0.7388746243047823	5.398112490103095	0	0	0	inf	0	0.7086873137321932	4574.258000000004
	0	0.8682685696524016	5.477870756771011	0	0	0	inf	0	0.7127096191889605	4604.046000000004
	0	1.000890722550866	5.157808650099902	0	0	0	inf	0	0.7167402445732132	4638.432000000004
	0	1.151361482294952	5.382817604627085	0	0	0	inf	0	0.7207791519151735	4674.038000000004
	0	1.447351931265539	5.931903812827109	0	0	0	inf	0	0.7248263030114855	4710.024000000004
	0	1.103310076082798	4.703730311178838	0	0	0	inf	0	0.7288816594256468	4745.630000000004
	0	1.01915195423584	4.734300015465294	0	0	0	inf	0	0.7329451824884463	4780.016000000004
	0	0.7847019742391519	4.805464677276014	0	0	0	inf	0	0.7370168332984094	4809.804000000004
	0	0.5955808980907992	4.524555990862773	0	0	0	inf	0	0.7410965727222457	4846.689000000004
	0	0.5533173753158933	1.655322714983242	0	0	0	inf	0	0.7451843613953048	4878.176000000004
	0	0.5459494229528281	3.305328530635208	0	0	0	inf	0	0.7492801597220379	4913.782000000004
	0	1.304458308292348	5.004013305058656	0	0	0	inf	0	0.7533839278764627	4948.268000000004
	0	1.244238889577515	0.5982079925062536	0	0	0	inf	0	0.7574956258026376	4982.654000000004
	0	0.6375451629321913	3.454515685496332	0	0	0	inf	0	0.7616152132151373	5017.140000000004
	0	0.3486048742734583	2.788311721327005	0	0	0	inf	0	0.7657426495995386	5054.025000000004
	0	0.9928458129140588	1.629977823903133	0	0	0	inf	0	0.7698778942129086	5089.631000000004
	0	1.232635249323526	3.283454722821645	0	0	0	inf	0	0.7740209060842997	5117.320000000004
	0	0.1565547286409727	5.219564576512361	0	0	0	inf	0	0.777290532460139	5154.205000000004
	0	0.7627804674104648	3.494985343981547	0	0	0	inf	0	0.7805587262236559	5189.811000000004
	0	1.507579372303373	0.47207998537219	0	0	0	inf	0	0.783825417798698	5217.500000000005
	0	1.398450415913879	2.016690935968114	0	0	0	inf	0	0.7870905375079211	5257.484000000005
	0	0.5977144807011505	5.980861952632075	0	0	0	inf	0	0.7903540155743325	5291.970000000005
	0	1.068717909128127	1.103721966883015	0	0	0	inf	0	0.7936157821228403	5319.659000000005
	0	1.071359421178623	0.4863958661626668	0	0	0	inf	0	0.7968757671818046	5353.315000000005
	0	1.022005226406641	3.716334095396327	0	0	0	inf	0	0.8001339006845946	5390.200000000005
	0	1.45598461943306	3.43056743964398	0	0	0	inf	0	0.8033901124711477	5417.889000000006
	0	1.221543144555908	3.867488689380167	0	0	0	inf	0	0.8066443322895357	5454.774000000006
	0	1.253087074514726	3.752064393290574	0	0	0	inf	0	0.8098964897975309	5489.160000000006
	0	1.196472847521544	0.09634755705330633	0	0	0	inf	0	0.81314651456418	5516.849000000007
	0	0.6247375807541599	3.531895564685833	0	0	0	inf	0	0.8163943360713785	5551.335000000006
	0	0.6857986061994097	2.466293083591076	0	0	0	inf	0	0.8196398837154516	5588.220000000007
	0	0.4866551654486219	5.621945876657762	0	0	0	inf	0	0.8228830868087375	5619.707000000007
	0	0.8495907439614265	4.18210196001035	0	0	0	inf	0	0.826123874581175	5655.313000000006
	0	0.7525467705150838	5.721548857399775	0	0	0	inf	0	0.8293621761818939	5691.299000000006
	0	0.4286113970199055	3.087590400041492	0	0	0	inf	0	0.832597920680811	5718.988000000007
	0	1.115336672436088	4.511960183898559	0	0	0	inf	0	0.8358310370702268	5752.644000000007
	0	1.344137254335965	1.512323828178673	0	0	0	inf	0	0.8390614542664299	5786.300000000007
	0	1.107446606790865	5.083075871984029	0	0	0	inf	0	0.8422891011113004	5819.956000000006
	0	1.392945210393928	5.374730330398194	0	0	0	inf	0	0.8455139063739205	5859.940000000007
	0	1.428530945030974	0.2223200003852881	0	0	0	inf	0	0.8487357987521871	5887.629000000007
	0	1.527177185124565	4.028232554836379	0	0	0	inf	0	0.8519547068744276	5922.115000000007
	0	1.372007255660572	4.526788607361645	0	0	0	inf	0	0.8551705593010198	5956.501000000007
	0	1.474949666187975	4.352137192628483	0	0	0	inf	0	0.8583832845260149	5993.386000000008
	0	1.328617123946258	4.338283251559957	0	0	0	inf	0	0.8615928109787641	6021.075000000008
	0	1.236906315372092	3.48492172247407	0	0	0	inf	0	0.8647990670255478	6057.960000000008
	0	1.062958189184062	3.138846334142762	0	0	0	inf	0	0.8680019809712096	6091.616000000008
	0	0.5464574997738924	1.951765813584096	0	0	0	inf	0	0.8712014810607918	6126.102000000008
	0	0.341941337523628	4.001294203590106	0	0	0	inf	0	0.8743974954811753	6160.488000000008
	0	0.2339269717176135	5.977801119490266	0	0	0	inf	0	0.8775899523627223	6188.177000000009
	0	0.5152490204779541	2.410039923361452	0	0	0	inf	0	0.8807787797809222	6223.783000000009
	0	0.5166541861766372	2.538117239768013	0	0	0	inf	0	0.8839639057580404	6260.668000000009
	0	1.352445946919449	1.091575146306255	0	0	0	inf	0	0.8871452582647706	6295.154000000009
	0	1.232757437761467	3.836392812335291	0	0	0	inf	0	0.8903227652218898	6326.641000000009
	0	0.1241869228951061	1.606101836844829	0	0	0	inf	0	0.8934963545019157	6362.247000000008
	0	0.8209399728311808	1.56563594665262	0	0	0	inf	0	0.8966659539307689	6397.853000000008
	0	0.3996986004739628	3.345011662961291	0	0	0	inf	0	0.8998314912894364	6432.339000000008
	0	0.3767696154170629	5.652826525215374	0	0	0	inf	0	0.9029928943156378	6466.725000000009
	0	0.3076795022079795	5.70592125030204	0	0	0	inf	0	0.9061500907054963	6502.331000000008
	0	0.3522726200633041	5.274800907791018	0	0	0	inf	0	0.9093030081152096	6537.937000000008
	0	1.210281061410853	5.26011311600292	0	0	0	inf	0	0.912451574162726	6573.543000000008
	0	1.399035830632877	5.528364494633585	0	0	0	inf	0	0.9155957164294226	6609.149000000008
	0	1.522963427580363	5.682115094093184	0	0	0	inf	0	0.9187353624617854	6644.755000000007
	0	1.331737366559679	4.783125078855491	0	0	0	inf	0	0.9218704397730932	6680.361000000007
	0	1.518666854913475	5.299428696891454	0	0	0	inf	0	0.9250008758451026	6717.246000000007
	0	1.407764433624747	2.343842358330768	0	0	0	inf	0	0.9281265981297372	6747.034000000007
	0	1.316541658149754	4.828142767692917	0	0	0	inf	0	0.9312475340507786	6781.420000000007
	0	1.086196252984906	2.24159384758179	0	0	0	inf	0	0.9343636110055601	6817.406000000007
	0	1.46821022181885	2.83726158421446	0	0	0	inf	0	0.9374747563666618	6851.792000000008
	0	1.163106218024025	5.004954991027134	0	0	0	inf	0	0.9405808974836091	6879.481000000008
	0	1.042199152062477	5.569257518194007	0	0	0	inf	0	0.9436819616845746	6915.087000000008
	0	1.337702823623168	3.694443985920387	0	0	0	inf	0	0.9467778762780801	6950.693000000007
	0	0.2641976798935906	5.520140699547675	0	0	0	inf	0	0.9498685685547021	6986.299000000007
	0	0.2431093385964406	0.1173548429299416	0	0	0	inf	0	0.9529539657887799	7022.285000000007
	0	1.161588007839904	5.107949158232692	0	0	0	inf	0	0.9560339952401249	7049.974000000007
	0	0.6036629772233641	4.227772973321919	0	0	0	inf	0	0.9591085841557329	7089.958000000008
	0	0.7929855974497408	2.271478689243366	0	0	0	inf	0	0.9621776597714978	7117.647000000008
	0	0.2897923899432572	2.196675614294534	0	0	0	inf	0	0.9652411493139288	7152.133000000008
	0	1.132559836118859	4.305642038006397	0	0	0	inf	0	0.9682989800018679	7192.117000000008
	0	1.489013323129114	1.844731301416275	0	0	0	inf	0	0.9713510790482102	7226.603000000008
	0	1.454877031691645	4.436126114893753	0	0	0	inf	0	0.9743973736616264	7254.292000000009
	0	1.36954368657407	3.985161019293706	0	0	0	inf	0	0.9774377910482867	7287.948000000009
	0	1.396698339598158	3.039271794600104	0	0	0	inf	0	0.9804722584135874	7321.604000000008
	0	1.481611332747891	2.979707985119674	0	0	0	inf	0	0.9835007029638789	7355.260000000008
	0	1.391099771169442	2.116305466901792	0	0	0	inf	0	0.9865230519081943	7389.646000000009
	0	0.7326375484816839	4.373477997303844	0	0	0	inf	0	0.9895392324599821	7425.632000000009
	0	1.141817227938156	5.212427009497972	0	0	0	inf	0	0.9925491718388393	7457.119000000009
	0	1.452476227424017	0.3521689038744285	0	0	0	inf	0	0.9955527972722453	7492.725000000009
	0	1.230373930092719	1.893387600149637	0	0	0	inf	0	0.9985500359972993	7528.331000000008
	0	0.5355933607326501	0.3392329013084066	0	0	0	inf	0	1.001540815262459	7562.817000000008
	0	0.27451064332723	0.9636817479526272	0	0	0	inf	0	1.004525062329279	7599.702000000008
	0	0.4365664696190396	5.888705635165067	0	0	0	inf	0	1.007502704474154	7635.308000000008
	0	0.1710256943583043	3.696053294626545	0	0	0	inf	0	1.010473668990057	7662.997000000008
	0	0.6847863874203023	0.6782687020923177	0	0	0	inf	0	1.01343788318829	7696.653000000008
	0	1.399960915544341	1.618698707982183	0	0	0	inf	0	1.016395274400223	7736.637000000009
	0	1.254572070736526	3.341589571533682	0	0	0	inf	0	1.019345769979048	7764.326000000009
	0	1.068712735209552	5.396401721331074	0	0	0	inf	0	1.02228929730152	7798.812000000009
	0	0.7727979361501662	5.638492676392431	0	0	0	inf	0	1.02522578376971	7835.697000000009
	0	0.3138590447020967	5.201249252065878	0	0	0	inf	0	1.028155156812756	7871.303000000009
	0	0.5084731023986581	2.80280744744779	0	0	0	inf	0	1.031077343888614	7905.689000000009
	0	0.870730087906685	2.900299034699536	0	0	0	inf	0	1.033992272485811	7939.345000000009
	0	0.7457634668435219	2.223099942633127	0	0	0	inf	0	1.036899870125199	7969.133000000009
	0	0.3157306229934732	2.476126122253518	0	0	0	inf	0	1.039800064361711	8009.117000000009
	0	0.5173243620375754	4.640032337464206	0	0	0	inf	0	1.042692782786115	8036.80600000001
	0	1.538331782978236	0.42199122392379	0	0	0	inf	0	1.045577953026776	8072.412000000009
	0	1.467748337882366	3.557176813218817	0	0	0	inf	0	1.048455502751406	8109.29700000001
	0	0.3316623642637747	0.24534682930598	0	0	0	inf	0	1.05132535966883	8136.98600000001
	0	0.2212169950579495	4.595007392965755	0	0	0	inf	0	1.054187451530745	8172.59200000001
	0	0.2648198571102405	0.153870809722882	0	0	0	inf	0	1.057041706133476	8209.47700000001
	0	0.8437624944389908	5.913456861843336	0	0	0	inf	0	1.059888051319741	8243.963000000011
	0	0.6422450708132257	0.1356189451854846	0	0	0	inf	0	1.062726414980413	8271.652000000011
	0	0.8139709700205587	1.398195878377479	0	0	0	inf	0	1.065556725056282	8308.537000000011
	0	1.286462821520699	4.693591982180941	0	0	0	inf	0	1.068378909539817	8340.02400000001
	0	1.326417328809851	0.001246050793731968	0	0	0	inf	0	1.071192896476931	8375.63000000001
	0	1.320930099269038	5.68302909421449	0	0	0	inf	0	1.073998613968748	8412.51500000001
	0	1.542755532173434	4.495103517660482	0	0	0	inf	0	1.076795990173363	8446.171000000011
	0	1.299670546544593	1.288629630581823	0	0	0	inf	0	1.07958495330761	8473.860000000011
	0	1.104373012365696	3.494780062499345	0	0	0	inf	0	1.08236543164883	8508.346000000012
	0	1.015807504363272	1.874953552165721	0	0	0	inf	0	1.085137353536632	8548.330000000013
	0	0.9238756955438586	0.172701347225015	0	0	0	inf	0	1.087900647374663	8582.816000000013
	0	0.7702103648905011	1.744898040521903	0	0	0	inf	0	1.090655241632375	8610.505000000014
	0	0.6656660119161751	1.491158634300291	0	0	0	inf	0	1.093401064846791	8647.390000000014
	0	1.053287941802696	4.993030778609551	0	0	0	inf	0	1.096138045624271	8675.079000000014
	0	1.44942232906683	3.397867424538177	0	0	0	inf	0	1.09886611264228	8711.964000000014
	0	0.8965571301218244	0.6943153476865049	0	0	0	inf	0	1.101585194651158	8743.451000000014
	0	0.6419301342752144	3.557380028390078	0	0	0	inf	0	1.104295220475884	8779.057000000013
	0	0.9219412097213219	0.7285021821056645	0	0	0	inf	0	1.106996119017845	8813.543000000014
	0	1.544593034036193	0.9067779088754833	0	0	0	inf	0	1.109687819256482	8850.428000000014
	0	1.210390303218559	0.3825708192883752	0	0	0	inf	0	1.112370250250942	8886.034000000014
	0	1.313246249147263	0.570141056122992	0	0	0	inf	0	1.115043341141722	8921.640000000014
	0	1.334133794903497	3.122031100273148	0	0	0	inf	0	1.117707021152325	8953.127000000013
	0	1.476179619457059	6.185565406462942	0	0	0	inf	0	1.120361219590907	8988.733000000013
	0	1.521561557001398	2.294138229280492	0	0	0	inf	0	1.123005865851934	9025.618000000013
	0	1.369753329665149	1.184701547530224	0	0	0	inf	0	1.125640889417833	9059.274000000014
	0	1.020309603971696	4.713984504359665	0	0	0	inf	0	1.128266219860645	9093.760000000015
	0	1.360034232877996	2.224471084054102	0	0	0	inf	0	1.130881786843686	9125.247000000014
	0	0.9880042210018315	0.838855331435596	0	0	0	inf	0	1.133487520123197	9162.132000000014
	0	0.8779205369931044	3.899913843058094	0	0	0	inf	0	1.136083349550006	9196.618000000015
	0	0.8780934781669115	2.169314230709752	0	0	0	inf	0	1.138669205071183	9231.004000000015
	0	0.7844127918546341	1.937683331831934	0	0	0	inf	0	1.141245016731698	9260.792000000016
	0	0.5075119979976304	2.022635934952007	0	0	0	inf	0	1.143810714676084	9300.776000000016
	0	0.3920076753876612	1.699385893968561	0	0	0	inf	0	1.146366229150094	9334.432000000017
	0	0.8251922306859888	3.583390917545856	0	0	0	inf	0	1.148911490502359	9368.088000000018
	0	1.036340252769659	3.928652335180423	0	0	0	inf	0	1.151446429186055	9397.876000000018
	0	1.213619424644343	3.819295199968629	0	0	0	inf	0	1.153970975760559	9432.262000000019
	0	1.117084275554653	3.647720374781969	0	0	0	inf	0	1.156485060893116	9467.868000000019
	0	1.385120670908821	5.680198002690815	0	0	0	inf	0	1.158988615360495	9504.753000000019
	0	1.190297401413585	3.977532456168952	0	0	0	inf	0	1.161481570050657	9538.40900000002
	0	0.5982296151261856	2.987366992694504	0	0	0	inf	0	1.163963855964414	9566.09800000002
	0	1.106616717656259	3.800375238339427	0	0	0	inf	0	1.166435404217096	9602.98300000002
	0	1.424248138163015	1.865521637384354	0	0	0	inf	0	1.168896146040212	9636.639000000021
	0	1.242007545152558	4.128810484186197	0	0	0	inf	0	1.171346012783113	9671.125000000022
	0	1.172111291511228	4.550960416417922	0	0	0	inf	0	1.17378493591466	9706.731000000022
	0	1.003532225887358	2.146129304401413	0	0	0	inf	0	1.176212847024881	9741.117000000022
	0	1.001672429686721	3.991129066170359	0	0	0	inf	0	1.178629677826641	9770.905000000022
	0	0.8632145780931759	4.108011444957299	0	0	0	inf	0	1.181035360157301	9807.790000000023
	0	0.5895949171040012	4.06721138549419	0	0	0	inf	0	1.183429825980388	9843.396000000022
	0	0.29834350133924	0.2494829163426004	0	0	0	inf	0	1.185813007387252	9877.782000000023
	0	0.5219069162105142	6.139201086422929	0	0	0	inf	0	1.188184836598734	9907.570000000023
	0	1.277924446969464	5.635812512149116	0	0	0	inf	0	1.190545245966827	9947.554000000024
	0	1.421263313503445	0.7508164243600319	0	0	0	inf	0	1.192894167976342	9975.243000000024
	0	1.35320633222101	2.008942757601666	0	0	0	inf	0	1.195231535246567	10010.84900000002
	0	1.225328667529376	1.082499559551955	0	0	0	inf	0	1.197557280532934	10047.73400000002
	0	1.066093074750324	5.160513522453954	0	0	0	inf	0	1.199871336728676	10082.22000000002
	0	0.812768378783658	2.806481800023029	0	0	0	inf	0	1.202173636866495	10113.70700000002
	0	0.8895127295406806	5.430405005416716	0	0	0	inf	0	1.204464114120218	10149.31300000002
	0	1.064455332079256	0.6672130125405218	0	0	0	inf	0	1.20674270180646	10185.29900000002
	0	0.7322990011402688	1.151270865899384	0	0	0	inf	0	1.209009333386287	10220.90500000002
	0	0.8416316864498919	1.025235585824475	0	0	0	inf	0	1.211263942466869	10256.51100000002
	0	1.515898373026434	3.047995800715746	0	0	0	inf	0	1.213509482179778	10287.99800000002
	0	1.41860634929063	5.06831648394747	0	0	0	inf	0	1.215745917636735	10322.48400000002
	0	1.064395794409688	4.49513533901527	0	0	0	inf	0	1.21797321416041	10362.46800000002
	0	0.8393122924318216	5.353872828559368	0	0	0	inf	0	1.22019133728529	10392.25600000002
	0	1.041678944468513	3.297801516570047	0	0	0	inf	0	1.22240025275853	10432.24000000003
	0	0.9924753627741119	3.619876331531238	0	0	0	inf	0	1.224599926540817	10462.02800000003
	0	1.067766754941984	6.270236002828241	0	0	0	inf	0	1.226790324807209	10498.91300000003
	0	1.352185142661164	1.9958557754262	0	0	0	inf	0	1.228971413947985	10526.60200000003
	0	1.435780209230423	2.477667435315517	0	0	0	inf	0	1.231143160569482	10563.48700000003
	0	1.450518948198933	2.07085580187205	0	0	0	inf	0	1.233305531494935	10599.09300000003
	0	1.480520857244487	0.7301109838857371	0	0	0	inf	0	1.235458493765299	10634.69900000003
	0	1.52114193139257	4.314631044853968	0	0	0	inf	0	1.237602014640083	10662.38800000003
	0	1.262304797480476	2.357651135844762	0	0	0	inf	0	1.239736061598163	10696.04400000003
	0	1.163568878578206	3.635909221448166	0	0	0	inf	0	1.241860602338604	10730.43000000003
	0	0.883388334509754	4.622320815324748	0	0	0	inf	0	1.243975604781468	10766.03600000003
	0	0.2578300679474617	5.025495533928698	0	0	0	inf	0	1.246081037068619	10802.92100000003
	0	0.263249037468812	5.701761687936475	0	0	0	inf	0	1.248176867564528	10830.61000000003
	0	0.6963068335376106	2.908259216079593	0	0	0	inf	0	1.250263064857063	10866.21600000003
	0	0.8887063777946852	3.605237534632202	0	0	0	inf	0	1.252339597758288	10902.20200000003
	0	0.4887357237858583	2.773135485346046	0	0	0	inf	0	1.254406435305242	10937.80800000003
	0	0.09033598898737276	6.189849355183334	0	0	0	inf	0	1.256463546760726	10973.41400000003
	0	1.104391414354382	3.0085869573306	0	0	0	inf	0	1.258510901614075	11004.90100000003
	0	1.131742272250509	3.802350110476773	0	0	0	inf	0	1.26054846958193	11040.50700000003
	0	1.208551351165682	0.7866021397411984	0	0	0	inf	0	1.262576220609006	11076.11300000003
	0	1.528806226951826	3.113201015114612	0	0	0	inf	0	1.264594124868851	11112.99800000003
	0	1.303857512247536	1.151007631835633	0	0	0	inf	0	1.266602152764603	11140.68700000003
	0	0.8098673833774886	6.235750724741436	0	0	0	inf	0	1.268600274929739	11175.17300000003
	0	0.6622191360259864	0.1557421028127592	0	0	0	inf	0	1.270588462228821	11215.15700000003
	0	0.8223527953742875	0.1341451514895624	0	0	0	inf	0	1.272566685758237	11244.94500000003
	0	0.6982315261128011	6.033996348436794	0	0	0	inf	0	1.274534916846935	11284.92900000003
	0	0.6740443329895101	3.194278921083004	0	0	0	inf	0	1.276493127057154	11319.41500000003
	0	1.319244478888682	1.064102080568929	0	0	0	inf	0	1.278441288185145	11350.90200000003
	0	1.558475985662251	1.065374984195415	0	0	0	inf	0	1.280379372261894	11387.78700000003
	0	0.7882030098523615	1.041365219259106	0	0	0	inf	0	1.282307351553833	11421.44300000003
	0	0.5883192861096865	4.726296902085345	0	0	0	inf	0	1.284225198563549	11455.92900000003
	0	0.2300714089979194	5.24764413047356	0	0	0	inf	0	1.286132886030489	11490.31500000003
	0	0.416700489439853	0.8221654011174806	0	0	0	inf	0	1.288030386931654	11518.00400000003
	0	0.5822356499672309	4.877770799462652	0	0	0	inf	0	1.289917674482292	11552.49000000003
	0	0.3420435391179577	4.401777974156886	0	0	0	inf	0	1.291794722136587	11589.37500000003
	0	0.596467786621738	2.574539988848677	0	0	0	inf	0	1.293661503588338	11617.06400000003
	0	0.9777749360872037	1.737401210790061	0	0	0	inf	0	1.295517992771632	11657.04800000003
	0	1.353890939591468	4.429405841447696	0	0	0	inf	0	1.297364163861521	11684.73700000003
	0	1.482134757144513	5.84679198800135	0	0	0	inf	0	1.299199991274681	11721.62200000003
	0	1.559953124178433	2.044995239002127	0	0	0	inf	0	1.30102544967007	11756.10800000003
	0	1.53025221862055	6.00025337271682	0	0	0	inf	0	1.302840513949588	11787.59500000003
	0	1.348821578409585	0.04253480696878853	0	0	0	inf	0	1.304645159258716	11823.20100000003
	0	1.169924971768956	3.589826198788636	0	0	0	inf	0	1.306439360987165	11857.68700000003
	0	0.5648585830945562	1.106407327273139	0	0	0	inf	0	1.308223094769508	11897.67100000003
	0	0.9125767737431076	1.130479294197123	0	0	0	inf	0	1.309996336485814	11932.15700000004
	0	1.409740635714253	2.350982709830873	0	0	0	inf	0	1.311759062262269	11967.76300000004
	0	0.9148751761288634	2.913397038062371	0	0	0	inf	0	1.313511248471801	12003.36900000004
	0	0.6729795171718644	1.889210411713151	0	0	0	inf	0	1.315252871734684	12037.75500000004
	0	0.9898224301641815	5.832509920956909	0	0	0	inf	0	1.316983908919157	12072.24100000004
	0	1.462953705595017	1.006651344012504	0	0	0	inf	0	1.318704337142017	12107.84700000004
	0	1.478384962342065	5.893137096635648	0	0	0	inf	0	1.320414133769219	12139.33400000004
	0	1.563607294904079	0.009675260555084719	0	0	0	inf	0	1.322113276416466	12175.32000000004
	0	1.409558833714089	5.214925984876558	0	0	0	inf	0	1.323801742949791	12209.70600000004
	0	1.425727695155337	4.540230166111854	0	0	0	inf	0	1.32547951148614	12244.19200000004
	0	1.557644867316329	5.296215235364528	0	0	0	inf	0	1.327146560393937	12279.79800000004
	0	1.374840112061051	2.433408843554695	0	0	0	inf	0	1.32880286829366	12311.28500000004
	0	1.263439650907084	5.622236011532522	0	0	0	inf	0	1.330448414058392	12345.77100000004
	0	1.485823312552954	4.351096246818386	0	0	0	inf	0	1.332083176814383	12382.65600000004
	0	1.457273598910126	5.601489670525268	0	0	0	inf	0	1.333707135941595	12418.26200000004
	0	0.5403073394808019	2.509676028518989	0	0	0	inf	0	1.335320271074245	12449.74900000004
	0	0.5884330797849835	0.1964768652011841	0	0	0	inf	0	1.33692256210134	12485.73500000004
	0	1.065206966033765	0.4244872120816936	0	0	0	inf	0	1.338513989167213	12521.34100000004
	0	1.318646803487414	0.4639156507961815	0	0	0	inf	0	1.340094532672041	12556.94700000004
	0	1.267087805763249	3.273007418982687	0	0	0	inf	0	1.341664173272367	12584.63600000004
	0	1.382362969253038	1.176595920243621	0	0	0	inf	0	1.34322289188161	12624.62000000004
	0	1.000859512534245	5.091761059521829	0	0	0	inf	0	1.344770669670572	12659.10600000004
	0	0.7824995821513738	1.182764044447737	0	0	0	inf	0	1.34630748806794	12694.71200000004
	0	0.9847693321573853	3.234987676940875	0	0	0	inf	0	1.347833328760775	12722.40100000004
	0	1.046158390535484	4.584305513014371	0	0	0	inf	0	1.349348173695004	12756.78700000004
	0	0.8506063425410121	4.867622376947615	0	0	0	inf	0	1.350852005075899	12792.77300000004
	0	0.856869546716747	0.04489185912792948	0	0	0	inf	0	1.352344805368552	12828.37900000004
	0	0.4498471136642302	2.499767303033217	0	0	0	inf	0	1.353826557298344	12863.98500000004
	0	0.6697584677860989	4.150243843851882	0	0	0	inf	0	1.355297243851408	12899.59100000004
	0	1.004002173214927	1.885015927090116	0	0	0	inf	0	1.356756848275085	12927.28000000004
	0	1.526434147764679	0.9688569348317273	0	0	0	inf	0	1.358205354078375	12961.66600000004
	0	0.8405625652199649	5.37796328075504	0	0	0	inf	0	1.359642745032377	12996.15200000004
	0	0.5102838211910887	4.276041516761474	0	0	0	inf	0	1.36106900517073	13030.53800000004
	0	0.8656362685424986	0.6900736559314495	0	0	0	inf	0	1.362484118790042	13066.52400000004
	0	0.8644895134043544	1.36116927067895	0	0	0	inf	0	1.363888070450316	13102.13000000004
	0	0.6778428012306783	4.10327203813339	0	0	0	inf	0	1.365280844975365	13129.81900000004
	0	0.5145388375769022	3.87801187548407	0	0	0	inf	0	1.366662427453229	13169.80300000004
	0	0.463077467228481	4.309669615899573	0	0	0	inf	0	1.368032803236575	13204.28900000004
	0	0.5720650686710529	4.634890469848088	0	0	0	inf	0	1.369391957943096	13239.89500000004
	0	0.609109885657658	5.597065943450161	0	0	0	inf	0	1.370739877455908	13275.50100000004
	0	0.9371757636069031	2.411760321238155	0	0	0	inf	0	1.372076547923932	13306.98800000004
	0	1.402233814991212	0.3830563898511343	0	0	0	inf	0	1.373401955762274	13343.87300000004
	0	0.9127901889969399	3.855724376737385	0	0	0	inf	0	1.374716087652598	13371.56200000004
	0	0.7154586046728968	0.0196959707886748	0	0	0	inf	0	1.376018930543493	13406.04800000004
	0	0.1838259987824032	1.509946873726328	0	0	0	inf	0	1.377310471650831	13442.93300000004
	0	0.8370221132318554	1.903761630262807	0	0	0	inf	0	1.378590698458122	13470.62200000004
	0	0.95191306061707	2.549063728232234	0	0	0	inf	0	1.379859598716859	13505.00800000004
	0	0.7881234065933401	2.800427672009157	0	0	0	inf	0	1.381117160446861	13540.99400000004
	0	1.073071300691064	2.92217493071746	0	0	0	inf	0	1.382363371936602	13576.60000000004
	0	1.14134093032644	0.6327377039551791	0	0	0	inf	0	1.38359822174354	13604.28900000004
	0	1.042332701646328	4.519072600149812	0	0	0	inf	0	1.384821698694439	13637.94500000005
	0	1.078454227581561	4.993924893023177	0	0	0	inf	0	1.38603379188568	13674.83000000005
	0	1.343802779437192	0.2896635920582042	0	0	0	inf	0	1.387234490683565	13710.43600000005
	0	1.551711930103879	2.730479907306531	0	0	0	inf	0	1.388423784724626	13738.12500000005
	0	1.500712916822067	2.947149892814764	0	0	0	inf	0	1.389601663915908	13778.10900000005
	0	1.56163949880531	5.159228840499949	0	0	0	inf	0	1.390768118435264	13812.59500000005
	0	1.547995142324527	1.078435323818319	0	0	0	inf	0	1.391923138731629	13840.28400000005
	0	1.454434749759205	5.999953982887973	0	0	0	inf	0	1.393066715525298	13880.26800000005
	0	1.011886443778561	5.008627433934279	0	0	0	inf	0	1.394198839808187	13913.92400000005
	0	1.258478784772139	1.821542334858322	0	0	0	inf	0	1.395319502844099	13948.41000000005
	0	1.364727350935439	5.414074347094243	0	0	0	inf	0	1.396428696133882	13976.09900000005
	0	1.217373216587522	0.6542505375809569	0	0	0	inf	0	1.397526411416041	14016.08300000005
	0	1.273116145467259	1.535476949722458	0	0	0	inf	0	1.398612640667345	14043.77200000005
	0	1.132545006319428	2.528068386401628	0	0	0	inf	0	1.399687376103425	14079.37800000005
	0	1.497939848586088	3.655297388375274	0	0	0	inf	0	1.400750610179366	14114.98400000005
	0	1.359034138923563	4.01426532572097	0	0	0	inf	0	1.40180233559029	14151.86900000005
	0	1.531962521579959	3.922746774546908	0	0	0	inf	0	1.402842545271936	14181.65700000005
	0	1.287064244386843	2.743224784693197	0	0	0	inf	0	1.403871232401231	14216.04300000005
	0	1.152337216706254	2.038324053126274	0	0	0	inf	0	1.404888390396853	14252.92800000005
	0	1.166132430545794	5.380244738838407	0	0	0	inf	0	1.405894012919789	14287.41400000005
	0	1.374578016330239	6.078251561962894	0	0	0	inf	0	1.406888093873888	14323.02000000005
	0	1.273042697509879	5.591828518579376	0	0	0	inf	0	1.407870627406399	14357.40600000005
	0	1.344697668034953	3.191158738116272	0	0	0	inf	0	1.408841607908512	14391.89200000005
	0	1.420208118079006	0.2480233197276789	0	0	0	inf	0	1.409801030015886	14423.37900000005
	0	1.362261144710988	2.417685157018987	0	0	0	inf	0	1.410748888609168	14457.86500000005
	0	1.476277927670703	0.5757990978467689	0	0	0	inf	0	1.411685178814515	14491.52100000005
	0	0.6269143392354883	1.270463531511098	0	0	0	inf	0	1.412609896004096	14525.90700000005
	0	0.4696635960833129	4.102583715142323	0	0	0	inf	0	1.413523035796595	14562.79200000005
	0	1.073427238583076	2.26277766500953	0	0	0	inf	0	1.414424594057704	14596.44800000005
	0	1.462684822697976	6.048522981013512	0	0	0	inf	0	1.415314566900612	14624.13700000006
	0	1.120030224098052	5.505966011073127	0	0	0	inf	0	1.416192950686481	14661.02200000006
	0	0.251642149877263	1.706158203028011	0	0	0	inf	0	1.417059742024918	14688.71100000006
	0	0.2550466312958495	4.897389516463896	0	0	0	inf	0	1.417914937774444	14724.31700000006
	0	0.6452638121995984	5.31049045110737	0	0	0	inf	0	1.418758535042945	14761.20200000006
	0	0.7907421022989951	1.92012325007186	0	0	0	inf	0	1.419590531188128	14795.68800000006
	0	0.6059094456151486	5.253340323573831	0	0	0	inf	0	1.420410923817959	14827.17500000006
	0	0.2638597944719503	1.096012327252829	0	0	0	inf	0	1.421219710791101	14861.66100000006
	0	0.1528726032028025	4.192121202952585	0	0	0	inf	0	1.422016890217341	14901.64500000006
	0	0.3115422915397958	2.806969472940466	0	0	0	inf	0	1.42280246045801	14929.33400000006
	0	0.6634072355197222	3.016142021142464	0	0	0	inf	0	1.423576420126397	14964.94000000006
	0	0.9574788555900032	3.068898675716177	0	0	0	inf	0	1.424338768088152	15000.54600000006
	0	0.7182461091209924	3.767571049479251	0	0	0	inf	0	1.425089503461689	15037.43100000006
	0	0.1788625626478173	1.016148978122416	0	0	0	inf	0	1.425828625618568	15067.21900000006
	0	0.5350811570556631	0.47425746680522	0	0	0	inf	0	1.426556134183888	15101.60500000006
	0	0.7592740750456132	0.6074344959836608	0	0	0	inf	0	1.427272029036655	15137.21100000006
	0	1.18433936403768	1.091129276678338	0	0	0	inf	0	1.42797631031015	15172.81700000006
	0	0.6541150489244614	2.316717595915435	0	0	0	inf	0	1.428668978392292	15208.42300000006
	0	0.9964860117791796	2.225041068678038	0	0	0	inf	0	1.429350033925991	15245.30800000006
	0	1.161621752431713	1.642111516750695	0	0	0	inf	0	1.430019477809488	15272.99700000006
	0	1.212737472946045	5.28798993340677	0	0	0	inf	0	1.430677311196695	15307.48300000006
	0	0.9818761116318332	5.805612719678052	0	0	0	0.05425465039517683	0	1.431323535497525	15347.46700000006
	0	1.262506159089928	0.9525544308743505	0.000109	0	0	0.01190708803551583	0.0001077098237683757	1.431958152378211	15377.25500000006
	0	1.321834325273122	0.3840709848739223	0.000216	0	0	-0.1537211017554509	0.0002518917695742777	1.432581163761623	15411.64100000006
	0	1.338695442993429	1.024357296354189	0.000321	0	0	-0.7250174671643563	0.0006627902600545397	1.433192561480827	15448.52600000006
	0	1.287605938812034	1.231892422707027	0.000424	0	0	-1.033269548918944	0.001191541354837483	1.433792337519311	15476.21500000006
	0	0.7329493638118774	5.335577657429127	0.000525	0	0	0.2226582872100515	0.000420203860382809	1.434380484011189	15512.20100000006
	0	0.6339788670485484	6.00657109118837	0.000624	0	0	1.893113712037836	9.397573929308283e-05	1.43495699324141	15546.58700000006
	0	0.9076484482068415	1.080715355508026	0.000721	0	0	-1.237475074656797	0.002485214398674697	1.435521857645951	15574.27600000006
	0	0.8941860990877367	4.620788680133757	0.000816	0	0	0.1621851861252733	0.0006938315230356574	1.436075069812021	15611.16100000006
	0	0.8283070331837298	1.350832259521795	0.000909	0	0	-1.729207187082079	0.005123290980935574	1.436616622478248	15645.64700000006
	0	0.8004331880476555	2.720878797007366	0.001	0	0	-1.287273564271738	0.003622895486503416	1.43714650853487	15677.13400000006
	0	0.7497970560472997	2.376393683899011	0.001089	0	0	-1.411835959076615	0.004468692244314414	1.437664721023919	15712.74000000006
	0	1.123842315384253	6.115544819340393	0.001176	0	0	-0.2103805143686856	0.001451357555854669	1.438171253139402	15748.34600000006
	0	1.166561729156511	0.5298181110421183	0.001261	0	0	-0.5287479399516981	0.002139672964298955	1.438666098227475	15784.33200000006
	0	0.666049374504566	4.259021021660402	0.001344	0	0	-0.9629140720441054	0.003520363721153739	1.439149249786623	15815.81900000006
	0	0.7761819585764684	1.234480977908234	0.001425	0	0	0.4527133827070074	0.000906158023760788	1.439620701467819	15850.30500000006
	0	1.225372760788796	0.08919557071337891	0.001504	0	0	-1.925322799060792	0.01031347223539331	1.440080447074698	15890.28900000006
	0	1.147088711626495	5.60468796925705	0.001581	0	0	-0.3876056753356357	0.002329522319717919	1.440528480563713	15923.94500000006
	0	0.3818945775705604	0.4042936358959821	0.001656	0	0	0.9170568630377127	0.0006618927090677687	1.440964796044293	15957.60100000006
	0	0.3951425107413913	5.431015965549136	0.001729	0	0	0.0967528251905649	0.001569552240438107	1.441389387778996	15992.08700000007
	0	0.83001156526523	0.1857514786820147	0.0018	0	0	-2.451865441721036	0.02089797170436196	1.441802250183659	16026.47300000007
	0	1.060724331640286	3.491952504742919	0.001869	0	0	0.9737795316220036	0.0007058334307210185	1.442203377827545	16054.16200000007
	0	1.199706620448258	1.436971292897148	0.001936	0	0	-1.009322498961196	0.005311883539084045	1.442592765433478	16089.76800000007
	0	1.347473696237477	4.274950845745806	0.002001	0	0	2.278229233719872	0.0002050334426812577	1.442970407877987	16126.65300000007
	0	1.146152162790276	1.973228660438252	0.002064	0	0	3.169467596787982	8.674159528524796e-05	1.443336300191437	16161.13900000007
	0	1.152535715462021	1.039965950524085	0.002125	0	0	1.455426238814848	0.0004957644142120675	1.443690437558155	16195.52500000007
	0	1.498858544142979	4.497251634354377	0.002184	0	0	2.253837763660425	0.0002293101773258295	1.444032815316561	16223.21400000007
	0	1.219874593844445	3.446043966597806	0.002241	0	0	0.829040064811898	0.0009781249366766893	1.444363428959285	16258.82000000007
	0	0.7371941922843801	1.244372727183851	0.002296	0	0	-0.5273144470016484	0.003890286967437659	1.444682274133287	16294.42600000007
	0	0.4972603561066377	1.49326807631072	0.002349	0	0	-2.201590633109689	0.02123350457823396	1.444989346639966	16331.31100000007
	0	0.6441515414026804	5.019440456134582	0.0024	0	0	0.8971075777307888	0.0009785935997324998	1.445284642435276	16359.00000000007
	0	1.370287945695582	0.7519778070523913	0.002449	0	0	-1.380669302466583	0.009741051614264921	1.445568157629826	16394.60600000007
	0	0.1149348067227505	0.4280359134681575	0.002496	0	0	-1.796125639977997	0.0150415307282221	1.445839888488982	16429.09200000007
	0	0.547183588508473	4.268220241141165	0.002541	0	0	-0.3391870755741697	0.003567070889605334	1.446099831432966	16465.97700000007
	0	1.262077539561349	4.993854096108365	0.002584	0	0	-0.3862948526326103	0.003802403772877388	1.446347983036949	16501.58300000007
	0	1.141536425442181	2.111299883649608	0.002625	0	0	1.351484395210075	0.0006794962941696201	1.446584340031138	16529.27200000007
	0	1.456727170849665	1.330922439584555	0.002664	0	0	1.435468495956211	0.0006340422139284912	1.446808899300863	16566.15700000006
	0	1.333954217565639	0.9340635473086678	0.002701	0	0	-0.7935018542843459	0.005972251124403362	1.447021657886658	16601.76300000006
	0	0.9666273350211956	4.643274575488689	0.002736	0	0	-0.8081250280092953	0.006138755459796131	1.447222612984338	16629.45200000006
	0	0.5212434645492741	3.570042638809213	0.002769	0	0	-1.966527586831504	0.01978677590577756	1.447411761945072	16669.43600000006
	0	1.222299242958206	1.555403664579423	0.0028	0	0	-0.927093557406849	0.007076029707165714	1.447589102275451	16697.12500000006
	0	1.26148343355669	1.087578192253964	0.002829	0	0	-1.12005591326268	0.008670957349078127	1.447754631637554	16732.73100000006
	0	1.429384433143008	1.138483259284108	0.002856	0	0	-1.276166298935481	0.01023269865597393	1.447908347849009	16768.33700000006
	0	0.8650321714798542	1.248562589148449	0.002881	0	0	-1.340218398517461	0.01100506756696133	1.448050248883051	16803.94300000006
	0	0.6332857105913666	1.217944806550065	0.002904	0	0	-0.7902973974868197	0.006400566451202208	1.448180332868571	16839.54900000006
	0	1.097906503474614	1.362491529434507	0.002925	0	0	-0.08834307146432109	0.003195161237566402	1.448298598090168	16875.53500000006
	0	1.168161383971153	2.265404729288257	0.002944	0	0	0.2060350535680942	0.002395840592343607	1.448405042988193	16909.92100000006
	0	1.261051227599665	1.247632541070573	0.002961	0	0	0.7640539844795784	0.00137915785741226	1.44849966615879	16939.70900000006
	0	1.538985577031142	2.193109791186039	0.002976	0	0	0.4987104785647907	0.001807364376353089	1.448582466353931	16974.09500000006
	0	1.069569645792537	0.3812061002234302	0.002989	0	0	0.1247127922694096	0.002638540942367548	1.448653442481452	17009.70100000006
	0	0.704260214001817	2.835235271263777	0.003	0	0	-2.13926432581928	0.02547956133457782	1.448712593605075	17046.58600000006
	0	0.4132045582789101	3.777794805099617	0.003009	0	0	1.197139494564665	0.0009088895522006104	1.44875991894444	17080.24200000006
	0	0.08422225131527486	4.797451608310169	0.003016	0	0	-0.9683024112180704	0.007942545861733746	1.448795417875121	17110.03000000006
	0	0.366833334898192	6.075322906445571	0.003021	0	0	-0.2197555390312231	0.003763477667243903	1.448819089928642	17150.01400000006
	0	0.609176628681819	1.379847027796515	0.003024	0	0	1.003785782652437	0.001108263832178756	1.448830934792492	17177.70300000006
	0	1.181248073560406	1.021438342357264	0.003025	0	0	-1.50655010098079	0.01364620133552943	1.44883095231013	17212.18900000006
	0	1.193586725406004	0.1005215174031164	0.003024	0	0	-0.7045687805479147	0.00611747383263637	1.448819142480991	17246.57500000006
	0	0.5721894343156286	0.5806954694872246	0.003021	0	0	0.02415673873147793	0.002948896886596668	1.448795505460486	17282.18100000006
	0	0.7444853090561312	3.394913327685281	0.003016	0	0	0.9962379001872571	0.001113706397714283	1.448760041559998	17316.66700000006
	0	1.291381804725428	3.082885331476099	0.003009	0	0	-0.001738674973156838	0.003014236223720709	1.448712751246873	17350.32300000005
	0	1.217589709574135	2.191032998113222	0.003	0	0	1.65192665895013	0.0005750407504880243	1.448653635144407	17390.30700000006
	0	0.8665677222907804	4.172250169433717	0.002989	0	0	-0.2399639625572131	0.003799626779010706	1.448582694031834	17424.79300000006
	0	0.7180591417267168	3.184259866595667	0.002976	0	0	0.1137280858174725	0.002656081804835846	1.448499928844299	17460.39900000006
	0	0.8922188006917718	5.056931852449225	0.002961	0	0	-0.1186164592738207	0.003333902395460358	1.44840534067284	17496.00500000006
	0	0.9461299578594783	2.055592282520941	0.002944	0	0	-1.082626797152866	0.008691938596672109	1.448298930764358	17527.49200000006
	0	1.138705467944543	5.397743842995638	0.002925	0	0	0.5127812459603311	0.001751571236824379	1.44818070052158	17563.47800000006
	0	0.8407841324491293	6.099714968784951	0.002904	0	0	-1.379158012979593	0.01153339926435893	1.448050651503029	17599.08400000006
	0	0.4526708720701938	4.920472284693467	0.002881	0	0	0.2564900241194363	0.002229210377551394	1.447908785422979	17626.77300000006
	0	0.645194125368714	2.381931480891915	0.002856	0	0	-0.5154960802949007	0.004782283369325604	1.447755104151412	17663.65800000005
	0	0.8246282006445164	3.712492862354338	0.002829	0	0	-0.902511909504179	0.006975717583870126	1.447589609713969	17699.26400000005
	0	0.7992190660897009	5.261532312107107	0.0028	0	0	-0.55776401214203	0.004890934694659337	1.447412304291898	17726.95300000005
	0	0.9598921686681317	4.586435961185991	0.002769	0	0	-1.426739988640618	0.01153315848279609	1.447223190221995	17766.93700000005
	0	0.953967537309562	3.613810936281538	0.002736	0	0	-1.521706594746181	0.01253097519269629	1.447022269996545	17800.59300000005
	0	0.992868728336276	5.990014131637494	0.002701	0	0	0.4966555962553889	0.001643727417678454	1.446809546263258	17835.07900000005
	0	1.53886117121141	3.947589773954761	0.002664	0	0	0.9976540759093806	0.0009823326080585452	1.446585021825197	17862.76800000005
	0	1.237092506604955	2.767827034183917	0.002625	0	0	2.499606986587512	0.0002155578218575906	1.446348699640708	17902.75200000005
	0	1.114971254126387	6.215062845666473	0.002584	0	0	0.7408290328007424	0.001231840697926263	1.446100582823342	17930.44100000005
	0	1.122935261836318	0.4151611598328984	0.002541	0	0	-0.3354894502841556	0.003553905553313047	1.445840674641771	17966.04700000005
	0	1.278327536509615	0.9139853963875808	0.002496	0	0	-1.262968958891271	0.008825616064562917	1.445568978519709	18001.65300000005
	0	1.393051863858911	4.932894188162422	0.002449	0	0	0.2824088673157722	0.001846461141451169	1.445285498035817	18037.25900000005
	0	1.565771539855711	5.506557537454562	0.0024	0	0	1.313500851986851	0.0006453050587894191	1.444990236923614	18071.74500000005
	0	1.387708378067636	4.30474764698188	0.002349	0	0	0.2494968060748995	0.001830323815575786	1.444683199071375	18111.72900000005
	0	1.514232430872879	5.504967328834809	0.002296	0	0	-1.020125402949511	0.006368053700709148	1.444364388522037	18139.41800000005
	0	1.507663860308254	3.552290074324645	0.002241	0	0	-0.03481789589945461	0.002320401174374396	1.444033809473086	18176.30300000005
	0	1.046209968601332	3.138692825259184	0.002184	0	0	-0.4493109833096481	0.003422834610264009	1.443691466276455	18210.78900000005
	0	0.6429409299403204	4.403403844168871	0.002125	0	0	1.759460298022331	0.0003657927014042055	1.443337363438403	18246.39500000005
	0	0.6819492541120479	1.378052564459331	0.002064	0	0	-1.296541028110367	0.007547277300190515	1.442971505619405	18277.88200000005
	0	0.269617972869517	2.661186170688964	0.002001	0	0	-1.950121799293987	0.01406611698754573	1.442593897634026	18313.48800000005
	0	0.5186685920856778	5.284572177535267	0.001936	0	0	-0.2403340381005358	0.002461960606327493	1.442204544450799	18349.47400000005
	0	0.8243023114344959	4.379572866474696	0.001869	0	0	-0.9355592120867809	0.004763404961480099	1.441803451192093	18383.86000000005
	0	0.7280391685619336	1.507981266226878	0.0018	0	0	-1.042498362091755	0.005105329667944937	1.44139062313398	18411.54900000005
	0	0.89372363023865	1.052299220290649	0.001729	0	0	-1.244899509759	0.006004100884191944	1.440966065706101	18447.15500000005
	0	1.233654026781927	0.9368536399313783	0.001656	0	0	-0.9862242792394369	0.004439888818279239	1.440529784491522	18482.76100000005
	0	0.8875840410281449	1.007798259264	0.001581	0	0	-0.654684762595785	0.003042690998760732	1.440081785226588	18518.36700000005
	0	0.7087873690663397	2.507244334938889	0.001504	0	0	-1.886703126161929	0.0099227624140487	1.439622073800777	18552.85300000005
	0	0.600198567594436	0.6365721208577924	0.001425	0	0	-1.171206126877385	0.004596880588839589	1.439150656256543	18586.50900000005
	0	0.4363224896274836	2.202656819987901	0.001344	0	0	-0.5023917082858925	0.002221187472470738	1.438667538789163	18620.89500000004
	0	0.676354099650078	3.551328751190489	0.001261	0	0	-2.323492920939178	0.01287642317006759	1.438172727746575	18655.38100000004
	0	1.054606308429066	1.638538776519269	0.001176	0	0	-1.218457839011934	0.003977194568598547	1.43766622962921	18689.76700000004
	0	0.7089367865724917	4.68759010498291	0.001089	0	0	0.2639513517507959	0.0008363638713345157	1.437148051089827	18725.37300000004
	0	0.6992890778938253	4.669429803304219	0.001	0	0	-0.5182382836516998	0.001679067002765903	1.436618198933337	18760.97900000004
	0	0.649553879104888	5.713164661087966	0.000909	0	0	-1.11949989257237	0.002784559543605319	1.436076680116629	18797.86400000004
	0	0.7921931100006525	0.6439280970196535	0.000816	0	0	0.06180117716400759	0.0007670969368491283	1.435523501748389	18825.55300000004
	0	1.246208558644395	5.932118349021415	0.000721	0	0	-0.7156210211428764	0.001474774179527677	1.434958671088913	18862.43800000004
	0	1.423662506076183	4.589911187468509	0.000624	0	0	2.681547734137028	4.271724206790486e-05	1.434382195549921	18896.09400000004
	0	1.003606303414356	2.436428352535295	0.000525	0	0	-0.6676409353655963	0.001023557105581016	1.433794082694364	18923.78300000004
	0	0.690583189239218	2.516542907811562	0.000424	0	0	-1.929724675249364	0.002920348187597164	1.433194340236227	18959.38900000004
	0	0.1571703146014614	0.7057393245417174	0.000321	0	0	-0.9772168153260837	0.0008529133318958565	1.43258297604033	18996.27400000003
	0	1.260921556446777	1.668053473676359	0.000216	0	0	-1.054233690617133	0.0006198714378935882	1.431959998122124	19023.96300000003
	0	1.452364100542793	2.125958643773323	0.000109	0	0	-1.279672047839399	0.0003919051828580641	1.431325414647481	19059.94900000003
	0	1.490850549225796	2.374992676490386	0	0	0	inf	0	1.430679223692356	19095.55500000003
	0	1.374323117400475	2.418205905450719	0	0	0	inf	0	1.430021423589346	19131.16100000003
	0	1.222216411199322	2.254910021081756	0	0	0	inf	0	1.429352012927369	19166.76700000003
	0	0.8467467305102042	1.752207951314311	0	0	0	inf	0	1.428670990551351	19194.45600000003
	0	1.114889539634114	5.989684104885377	0	0	0	inf	0	1.427978355561889	19228.84200000003
	0	1.2283749553263	3.70011845510718	0	0	0	inf	0	1.42727410731492	19263.32800000003
	0	1.175018204716521	2.536177719742476	0	0	0	inf	0	1.426558245421373	19300.21300000003
	0	0.3924262861565246	3.059574854734485	0	0	0	inf	0	1.425830769746818	19335.81900000003
	0	0.5845743893283304	0.04996385308913176	0	0	0	inf	0	1.425091680411106	19371.42500000003
	0	1.459500996138607	3.062609368599531	0	0	0	inf	0	1.424340977788	19399.11400000003
	0	1.079918332488156	0.9318180754562349	0	0	0	inf	0	1.423578662504803	19439.09800000003
	0	1.482977477418422	5.51468613454098	0	0	0	inf	0	1.422804735441972	19473.58400000003
	0	1.156393450029636	5.277204697809111	0	0	0	inf	0	1.42201919773273	19507.97000000003
	0	0.9187327765375233	3.938067999485504	0	0	0	inf	0	1.421222050762666	19535.65900000003
	0	0.4243368877771243	4.190196872330958	0	0	0	inf	0	1.420413296169331	19572.54400000002
	0	0.9301008092863383	2.468857208982513	0	0	0	inf	0	1.419592935841825	19606.20000000002
	0	1.557985870350178	5.67374555782024	0	0	0	inf	0	1.418760971920377	19633.88900000002
	0	1.055872966262259	5.883905128639654	0	0	0	inf	0	1.417917406795915	19669.49500000002
	0	0.684398222285506	0.1146583697868664	0	0	0	inf	0	1.417062243109635	19706.38000000002
	0	0.8370281328731658	0.5690154414716133	0	0	0	inf	0	1.416195483752553	19736.16800000002
	0	1.414103810440388	0.6551659880046756	0	0	0	inf	0	1.415317131865061	19773.05300000002
	0	1.515055719365558	4.166930712757129	0	0	0	inf	0	1.414427190836465	19804.54000000002
	0	0.6385451621617854	1.879912223665528	0	0	0	inf	0	1.413525664304522	19841.42500000002
	0	0.2833098570454222	0.2810857377827389	0	0	0	inf	0	1.412612556154967	19875.91100000002
	0	0.5453487089319978	1.520590850168219	0	0	0	inf	0	1.411687870521038	19907.39800000002
	0	0.5264619908642394	0.2069605069174116	0	0	0	inf	0	1.410751611782984	19944.28300000002
	0	0.3855268784424701	4.303087739064487	0	0	0	inf	0	1.409803784567574	19978.76900000002
	0	0.4122516771149329	4.313080076944402	0	0	0	inf	0	1.408844393747598	20010.25600000002
	0	1.112276181477485	4.313198742280051	0	0	0	inf	0	1.407873444441354	20046.24200000002
	0	1.053083017087395	1.956496045434839	0	0	0	inf	0	1.406890942012138	20077.72900000002
	0	0.7821226472877697	1.851177363381545	0	0	0	inf	0	1.405896892067721	20113.71500000002
	0	1.161752277559208	1.634148350405084	0	0	0	inf	0	1.404891300459815	20148.10100000002
	0	0.5971976967531517	0.617721669344057	0	0	0	inf	0	1.403874173283543	20175.79000000002
	0	0.1762388793220024	1.770833281775253	0	0	0	inf	0	1.402845516876892	20211.39600000002
	0	1.266680579315034	3.522612294725135	0	0	0	inf	0	1.401805337820163	20247.00200000002
	0	1.284062507621666	3.473006406098051	0	0	0	inf	0	1.400753642935415	20282.98800000002
	0	0.7230801218659517	0.42867454777452	0	0	0	inf	0	1.399690439285899	20317.37400000002
	0	0.2536846383642474	0.1695812280352911	0	0	0	inf	0	1.398615734175489	20351.03000000002
	0	0.3498875777376694	5.456062989815329	0	0	0	inf	0	1.397529535148101	20378.71900000002
	0	1.112352624093161	5.759065791469652	0	0	0	inf	0	1.396431849987113	20414.32500000002
	0	1.45111633910679	5.994528474377361	0	0	0	inf	0	1.395322686714767	20449.93100000002
	0	1.178738114347164	5.371977325322035	0	0	0	inf	0	1.394202053591575	20485.91700000002
	0	1.302388968961701	2.087061226459767	0	0	0	inf	0	1.393069959115714	20520.30300000001
	0	1.284742658302018	1.285401107714151	0	0	0	inf	0	1.391926412022411	20547.99200000001
	0	0.6849122062160593	3.567884862538897	0	0	0	inf	0	1.390771421318782	20583.59800000001
	0	0.6608898568070131	2.485775630837317	0	0	0	inf	0	1.389604996283574	20620.48300000001
	0	0.4633679209761589	5.564771906890641	0	0	0	inf	0	1.388427146466895	20654.96900000001
	0	0.2668374854927321	6.012605194394489	0	0	0	inf	0	1.387237881689945	20686.45600000001
	0	0.5394398463381841	2.412521766094393	0	0	0	inf	0	1.386037212044732	20720.94200000001
	0	0.7322576063082344	4.008396994256906	0	0	0	inf	0	1.384825147893788	20755.32800000001
	0	1.096572330119365	4.578645999048121	0	0	0	inf	0	1.383601699869876	20790.93400000001
	0	1.296898505323854	4.798586483429816	0	0	0	inf	0	1.382366878875686	20826.54000000001
	0	0.5835085830569124	4.600383371576925	0	0	0	inf	0	1.381120696083534	20863.42500000001
	0	0.6127529814843766	3.599181741486809	0	0	0	inf	0	1.379863162935043	20893.21300000001
	0	0.7693748218726993	3.669670977669902	0	0	0	inf	0	1.378594291140828	20930.09800000001
	0	0.4291731512396711	0.3241151707987342	0	0	0	inf	0	1.377314092680165	20961.58500000001
	0	0.7678416332430524	1.547714827040338	0	0	0	inf	0	1.376022579800661	20997.19100000001
	0	1.275013496540013	3.251953778755528	0	0	0	inf	0	1.374719765017911	21032.79700000001
	0	1.361206716748593	3.359861073651849	0	0	0	inf	0	1.373405661115154	21068.78300000001
	0	1.269026608363809	4.347714598301351	0	0	0	inf	0	1.372080281142918	21103.16900000001
	0	1.146289239056152	2.700469038583314	0	0	0	inf	0	1.370743638418661	21132.95700000001
	0	0.9277436257427678	0.8161322832970797	0	0	0	inf	0	1.369395746526407	21172.94100000001
	0	0.9800205605068228	4.062158989595829	0	0	0	inf	0	1.368036619316368	21200.63000000001
	0	1.485053815316146	0.09119482576332416	0	0	0	inf	0	1.36666627090457	21236.23600000001
	0	1.541773596628504	0.2478269194865916	0	0	0	inf	0	1.365284715672463	21271.84200000001
	0	1.533042050612631	5.056126782949875	0	0	0	inf	0	1.363891968266533	21307.82800000001
	0	1.238437635235894	0.9562667567364826	0	0	0	inf	0	1.362488043597899	21335.51700000001
	0	1.476809729691076	1.499259680344984	0	0	0	inf	0	1.36107295684191	21369.90300000001
	0	0.7409358252762885	0.5360455967524089	0	0	0	inf	0	1.359646723437733	21405.50900000001
	0	0.6170142998389008	5.784428194528147	0	0	0	inf	0	1.358209359087937	21441.11500000001
	0	0.3497105728357201	4.652186600839435	0	0	0	inf	0	1.356760879758064	21477.10100000001
	0	0.4022231533768635	1.662033602576251	0	0	0	inf	0	1.355301301676201	21508.58800000001
	0	0.3214400523964724	2.845116266008205	0	0	0	inf	0	1.353830641332543	21544.19400000001
	0	0.5108184540772056	3.835960752086081	0	0	0	inf	0	1.35234891547895	21579.80000000001
	0	0.4668478488004565	0.6209105633091667	0	0	0	inf	0	1.350856141128494	21614.28600000001
	0	0.7943685668873288	5.251263096029774	0	0	0	inf	0	1.349352335555006	21654.27000000001
	0	0.5720727640789525	1.440703315536751	0	0	0	inf	0	1.347837516292612	21688.75600000001
	0	0.3354331486200291	0.8811613800751061	0	0	0	inf	0	1.346311701135266	21724.36200000001
	0	0.1236847758684528	5.021524780462059	0	0	0	inf	0	1.344774908136271	21759.96800000001
	0	0.5811769946595873	4.859150176980364	0	0	0	inf	0	1.343227155607803	21794.35400000001
	0	0.790185636273964	5.60328620697269	0	0	0	inf	0	1.341668462120419	21824.14200000001
	0	0.8198835403539184	5.159631170720772	0	0	0	inf	0	1.340098846502566	21857.79800000001
	0	0.5498560985386335	4.104071108427291	0	0	0	inf	0	1.338518327840081	21894.683
	0	0.5361135937652808	0.4644843681086996	0	0	0	inf	0	1.336926925475683	21926.17000000001
	0	0.9089963637070434	1.547998847050017	0	0	0	inf	0	1.335324659008464	21960.65600000001
	0	1.545589990016474	0.4412913480625278	0	0	0	inf	0	1.333711548293367	22000.64000000001
	0	0.8775929426374396	6.094340634306107	0	0	0	inf	0	1.332087613440666	22034.29600000001
	0	0.6273078301437293	2.160244895785297	0	0	0	inf	0	1.330452874815432	22068.78200000001
	0	0.3039172434715178	5.127400581637012	0	0	0	inf	0	1.328807353036996	22100.26900000001
	0	0.1076102928966917	3.029945515019499	0	0	0	inf	0	1.327151068978411	22136.25500000001
	0	0.1647908766523055	3.867087613426143	0	0	0	inf	0	1.325484043765899	22163.94400000001
	0	0.5112043145811712	5.159332872730573	0	0	0	inf	0	1.323806298778299	22198.33000000001
	0	0.8108423458904703	5.356834970034996	0	0	0	inf	0	1.322117855646505	22234.31600000001
	0	0.8627661897768768	4.933226590199602	0	0	0	inf	0	1.320418736252899	22268.702
	0	0.9389520948405775	4.781142303362294	0	0	0	inf	0	1.318708962730782	22303.18800000001
	0	0.9325366682896965	2.892322643134506	0	0	0	inf	0	1.31698855746379	22334.67500000001
	0	0.9776654267325448	3.417986218641602	0	0	0	inf	0	1.315257543085316	22370.66100000001
	0	1.000917276384249	3.808997197409731	0	0	0	inf	0	1.313515942477915	22405.04700000001
	0	1.009177102851461	1.835149785247772	0	0	0	inf	0	1.31176377877271	22438.703
	0	1.140592065561822	1.962553017578273	0	0	0	inf	0	1.310001075348791	22472.359
	0	1.175948656703445	5.579913462593886	0	0	0	inf	0	1.308227855832607	22506.845
	0	1.25694116589749	3.213808377864055	0	0	0	inf	0	1.306444144097349	22534.534
	0	1.421861426348489	4.368522280366129	0	0	0	inf	0	1.304649964262337	22568.92
	0	1.517812349053708	4.053283252227125	0	0	0	inf	0	1.302845340692392	22604.906
	0	1.358737131621135	4.227186326863198	0	0	0	inf	0	1.301030297997202	22640.512
	0	1.424115862631515	4.613007704790505	0	0	0	inf	0	1.299204861030693	22676.118
	0	0.4580245981894576	4.221492920676425	0	0	0	inf	0	1.297369054890381	22711.724
	0	0.3858311901486751	4.116129453823447	0	0	0	inf	0	1.295522904916727	22747.33
	0	0.5270130055399522	1.666971736192671	0	0	0	inf	0	1.293666436692482	22778.817
	0	0.9232172633419842	3.833792104223377	0	0	0	inf	0	1.291799676042031	22814.803
	0	1.352258796718914	2.919130721014682	0	0	0	inf	0	1.289922649030726	22849.189
	0	0.9514527590494823	2.17595484729658	0	0	0	inf	0	1.288035381964217	22882.845
	0	0.6948315764431997	5.19915037930857	0	0	0	inf	0	1.286137901387775	22917.331
	0	1.007830166398999	4.216640162057416	0	0	0	inf	0	1.284230234085614	22952.937
	0	1.475672933107457	2.305426305993969	0	0	0	inf	0	1.2823124070802	22980.626
	0	0.4567772481876619	3.222546209153187	0	0	0	inf	0	1.280384447631566	23017.511
	0	0.3326728057230827	1.603784004537154	0	0	0	inf	0	1.278446383236605	23053.117
	0	0.7234458982600086	0.651522448476193	0	0	0	inf	0	1.276498241628374	23080.806
	0	1.259592450193501	2.108929491217189	0	0	0	inf	0	1.274540050775385	23120.79
	0	0.912522947249515	2.397775569920356	0	0	0	inf	0	1.27257183888089	23150.578
	0	0.5025780322204155	3.133630741344874	0	0	0	inf	0	1.27059363438216	23184.964
	0	0.5480508650908983	4.499309344035872	0	0	0	inf	0	1.268605465949766	23220.95
	0	0.6906905157556619	6.241283838069243	0	0	0	inf	0	1.266607362486844	23248.639
	0	0.5010674149536941	4.574369542796049	0	0	0	inf	0	1.264599353128363	23288.623
	0	1.290945177366678	1.049079060264376	0	0	0	inf	0	1.262581467240384	23323.109
	0	1.234980137728777	3.120682441895617	0	0	0	inf	0	1.260553734419316	23358.715
	0	1.247282417979523	5.491075320908081	0	0	0	inf	0	1.258516184491163	23393.101
	0	1.128839235092308	4.830468626715287	0	0	0	inf	0	1.25646884751077	23427.587
	0	0.690687215892405	5.16453146165464	0	0	0	inf	0	1.254411753761062	23463.193
	0	0.7881874256207805	5.306590021162826	0	0	0	inf	0	1.252344933752278	23498.799
	0	0.9333313699192632	4.027227171741266	0	0	0	inf	0	1.250268418221198	23533.18499999999
	0	0.7888438858210565	5.389436428638767	0	0	0	inf	0	1.248182238130371	23562.97299999999
	0	0.9177104467431042	3.340423784878084	0	0	0	inf	0	1.246086424667329	23602.95699999999
	0	0.8293372243240124	2.700501869906113	0	0	0	inf	0	1.243981009243804	23636.61299999999
	0	0.4505967590284838	4.051824533915564	0	0	0	inf	0	1.241866023494936	23666.40099999999
	0	0.4667944129094496	3.48690910386776	0	0	0	inf	0	1.239741499278477	23706.38499999999
	0	0.6165041944029348	3.526116953868247	0	0	0	inf	0	1.237607468673988	23736.173
	0	0.5908794581373793	3.62995345711289	0	0	0	inf	0	1.235463963982035	23776.157
	0	0.700552688158801	5.305799902933558	0	0	0	inf	0	1.233311017723379	23803.84599999999
	0	0.8131254923791847	2.977629500590936	0	0	0	inf	0	1.231148662638157	23838.33199999999
	0	1.366461993450032	1.150377391849304	0	0	0	inf	0	1.228976931685064	23875.21699999999
	0	0.7951419775866582	3.529436325246792	0	0	0	inf	0	1.226795858040527	23906.70399999999
	0	1.540324000664471	6.241179168566489	0	0	0	inf	0	1.224605475097873	23943.58899999999
	0	1.494565737285009	5.482465863438698	0	0	0	inf	0	1.222405816466497	23973.37699999999
	0	1.400540427853945	5.655209986169389	0	0	0	inf	0	1.22019691597102	24013.36099999999
	0	1.407511855532873	1.889703202545711	0	0	0	inf	0	1.217978807650446	24047.84699999999
	0	1.475682132181086	5.492471238226663	0	0	0	inf	0	1.215751525757313	24079.334
	0	1.548637733579755	1.766448741168048	0	0	0	inf	0	1.213515104756836	24113.82
	0	1.238578997464245	3.403245225497976	0	0	0	inf	0	1.211269579326054	24148.20599999999
	0	1.018349402873524	4.183048245501176	0	0	0	inf	0	1.209014984352962	24185.09099999999
	0	1.553043465925835	3.230137308601272	0	0	0	inf	0	1.20674836667449	24218.74699999999
	0	1.320687251973222	5.815714921677753	0	0	0	inf	0	1.204469792683494	24246.43599999999
	0	1.230378820373797	0.4227281581553726	0	0	0	inf	0	1.202179328918949	24282.42199999999
	0	1.383451728422092	4.022235272428901	0	0	0	inf	0	1.199877042064282	24310.11099999999
	0	1.481074782820962	4.904944253095373	0	0	0	inf	0	1.197562998945719	24350.09499999999
	0	1.050979227793343	5.387749293646571	0	0	0	inf	0	1.195237266530619	24379.88299999999
	0	1.322064331231497	1.427157846652968	0	0	0	inf	0	1.192899911925812	24414.26899999999
	0	1.407792016531785	4.643212883572282	0	0	0	inf	0	1.190551002375942	24450.25499999999
	0	0.5440245090201411	5.662852819421424	0	0	0	inf	0	1.188190605261801	24481.74199999999
	0	0.7466456624395107	5.942238813530203	0	0	0	inf	0	1.185818788098668	24518.62699999999
	0	1.008595821342082	3.02071019438695	0	0	0	inf	0	1.183435618534644	24546.31599999999
	0	0.5294475153072616	1.566412712405793	0	0	0	inf	0	1.181041164348991	24580.80199999999
	0	0.6504513079823262	1.969935564573412	0	0	0	inf	0	1.178635493450468	24615.18799999999
	0	0.9033165540586863	2.084625971145492	0	0	0	inf	0	1.176218673875667	24651.17399999999
	0	0.9212391225505224	5.651150292219619	0	0	0	inf	0	1.173790773787349	24682.66099999999
	0	0.674035371268921	2.155657803907431	0	0	0	inf	0	1.171351861472782	24719.54599999999
	0	0.6938854290036764	5.294551110889373	0	0	0	inf	0	1.168902005342074	24747.23499999999
	0	0.4604572710194182	5.648156921612859	0	0	0	inf	0	1.166441273926513	24782.84099999999
	0	0.4944310227986297	0.6742566454612842	0	0	0	inf	0	1.163969735876897	24819.72599999998
	0	0.7005829212490617	5.392211612930218	0	0	0	inf	0	1.161487459961879	24853.38199999998
	0	0.2870236298549456	3.376785012741664	0	0	0	inf	0	1.158994515066296	24887.86799999998
	0	0.3411932980311072	1.736487760893894	0	0	0	inf	0	1.156490970189507	24919.35499999999
	0	0.4334737702788304	5.431870873742064	0	0	0	inf	0	1.153976894443733	24953.84099999999
	0	0.5302069836056956	4.389893954049342	0	0	0	inf	0	1.151452357052392	24988.22699999998
	0	0.6123111983378361	5.166993355361384	0	0	0	inf	0	1.148917427348435	25023.83299999998
	0	0.6838433008113328	5.609816607998738	0	0	0	inf	0	1.146372174772684	25060.71799999998
	0	0.3457468144870309	3.996718207771814	0	0	0	inf	0	1.143816668872175	25094.37399999998
	0	0.1686995343579442	1.544524021779146	0	0	0	inf	0	1.141250979298489	25128.02999999998
	0	0.1930072198672167	4.484132741939135	0	0	0	inf	0	1.138675175806096	25162.51599999998
	0	0.03363803401423934	4.246944377127434	0	0	0	inf	0	1.136089328250692	25198.12199999998
	0	0.1907550106185174	4.901391419687954	0	0	0	inf	0	1.133493506587543	25225.81099999998
	0	0.7606152903556138	4.891442105287553	0	0	0	inf	0	1.130887780869821	25265.79499999998
	0	1.370040856775403	5.225592175546275	0	0	0	inf	0	1.128272221246948	25295.58299999998
	0	1.566964640124422	6.249198826587211	0	0	0	inf	0	1.125646897962938	25335.56699999998
	0	1.074672606303786	2.453772798498115	0	0	0	inf	0	1.123011881354739	25370.05299999998
	0	0.3678069316224776	3.557046849390431	0	0	0	inf	0	1.120367241850578	25397.74199999998
	0	0.4785036101816371	0.3139432123363122	0	0	0	inf	0	1.117713049968305	25437.72599999998
	0	0.9846456291668948	4.044623442122209	0	0	0	inf	0	1.115049376313738	25472.21199999998
	0	1.198598531181265	0.06958433194617442	0	0	0	inf	0	1.112376291579008	25507.81799999998
	0	1.221975914574872	3.887503113940284	0	0	0	inf	0	1.10969386654091	25539.30499999998
	0	1.479735449999297	3.321103815983506	0	0	0	inf	0	1.107002172059249	25574.91099999998
	0	1.197603425351185	2.168920823847174	0	0	0	inf	0	1.104301279075187	25610.89699999998
	0	0.8742181307933401	2.122176799502178	0	0	0	inf	0	1.101591258609599	25646.50299999998
	0	0.4482549679187512	2.247919738203073	0	0	0	inf	0	1.098872181761419	25680.88899999998
	0	0.433145755962298	2.520984808788029	0	0	0	inf	0	1.096144119705998	25714.54499999998
	0	0.9649960609012187	1.16154300949843	0	0	0	inf	0	1.09340714369333	25748.20099999998
	0	1.358687899101705	5.23253360285922	0	0	0	inf	0	1.090661325046294	25775.88999999998
	0	1.268519702809433	0.2322990488835046	0	0	0	inf	0	1.087906735158874	25811.87599999998
	0	1.403579445916534	3.964909153368012	0	0	0	inf	0	1.085143445494404	25843.36299999998
	0	0.4760389107262221	4.659263977653595	0	0	0	inf	0	1.082371527583793	25879.34899999998
	0	0.5495418456576682	1.359582729823472	0	0	0	inf	0	1.07959105302376	25914.95499999998
	0	0.8276028950278409	1.660508181362005	0	0	0	inf	0	1.076802093475069	25949.34099999998
	0	0.6506601435229309	6.248091181135905	0	0	0	inf	0	1.074004720660759	25983.82699999998
	0	1.186218963415795	1.207553287389572	0	0	0	inf	0	1.071199006364382	26011.51599999998
	0	1.497193110004004	0.9145117626324719	0	0	0	inf	0	1.068385022428235	26051.49999999998
	0	1.465749966602906	1.209119055561345	0	0	0	inf	0	1.065562840751592	26079.18899999998
	0	1.556685644918939	0.5585953286059464	0	0	0	inf	0	1.062732533288946	26116.07399999998
	0	0.9932341812014978	6.125181573224133	0	0	0	inf	0	1.059894172048235	26149.72999999997
	0	0.7705361661086252	3.637157716955322	0	0	0	inf	0	1.057047829089089	26184.21599999997
	0	0.8496623226243283	2.472911188578969	0	0	0	inf	0	1.054193576521056	26219.82199999997
	0	0.8936967333096512	6.101913859982346	0	0	0	inf	0	1.051331486501848	26247.51099999997
	0	0.8543348849145405	4.598336964491395	0	0	0	inf	0	1.048461631235573	26281.89699999997
	0	1.169506787046823	2.064130554684056	0	0	0	inf	0	1.045584082970977	26317.88299999997
	0	1.225496779453699	1.401302600926286	0	0	0	inf	0	1.042698913999681	26352.26899999997
	0	0.9341107736428563	3.855469864217262	0	0	0	inf	0	1.039806196654425	26386.75499999997
	0	1.043134628514503	4.666763354578933	0	0	0	inf	0	1.036906003307304	26421.14099999997
	0	0.987326831369756	2.021788135497289	0	0	0	inf	0	1.033998406368014	26454.79699999997
	0	0.660941820803251	1.193959162209637	0	0	0	inf	0	1.031083478282093	26488.45299999997
	0	1.175309185940263	4.681264864116038	0	0	0	inf	0	1.028161291529164	26522.93899999997
	0	1.126596658095433	1.861502591311115	0	0	0	inf	0	1.025231918621183	26550.62799999997
	0	0.669460265239506	6.115886834946728	0	0	0	inf	0	1.022295432100682	26587.51299999997
	0	0.6478800855818969	5.473555095258227	0	0	0	inf	0	1.019351904539016	26615.20199999996
	0	1.031537714153839	4.890532845363261	0	0	0	inf	0	1.016401408534614	26649.58799999996
	0	1.305610423084826	5.197411688274755	0	0	0	inf	0	1.013444016711224	26685.19399999996
	0	0.6324236997011229	2.036676235909312	0	0	0	inf	0	1.010479801716168	26719.67999999996
	0	0.4265551603622997	3.117395009842745	0	0	0	inf	0	1.00750883621859	26753.33599999996
	0	0.2581694977498687	3.206899421690956	0	0	0	inf	0	1.004531192907711	26790.22099999996
	0	0.5630336536598994	4.940029195106256	0	0	0	inf	0	1.001546944491085	26817.90999999996
	0	0.9194868497123506	6.230785346405654	0	0	0	inf	0	0.9985561636928494	26857.89399999996
	0	1.373598438353475	3.527888129990025	0	0	0	inf	0	0.9955589232519889	26892.37999999996
	0	1.467744027010448	0.3803054243920272	0	0	0	inf	0	0.9925552959205904	26923.86699999996
	0	1.154633912003007	0.4317515100171292	0	0	0	inf	0	0.9895453544621036	26959.85299999996
	0	0.4971528457479856	1.014465503053827	0	0	0	inf	0	0.986529171649603	26991.33999999996
	0	0.8675136180409692	3.337007244085676	0	0	0	inf	0	0.9835068202640528	27025.82599999996
	0	0.8657013145036589	4.193757457593691	0	0	0	inf	0	0.9804783730925698	27060.21199999996
	0	1.016661283780731	3.646136028089074	0	0	0	inf	0	0.9774439029266915	27096.19799999996
	0	1.434655094635434	3.729691000430257	0	0	0	inf	0	0.9744034825606437	27130.58399999996
	0	0.7708007452300121	3.607534796189547	0	0	0	inf	0	0.9713571847896117	27164.23999999996
	0	1.453809263577252	0.8229306846447457	0	0	0	inf	0	0.9683050824080118	27191.92899999996
	0	1.119546049250122	3.856593963530209	0	0	0	inf	0	0.9652472482077646	27226.41499999996
	0	0.9852932799909788	4.040063042303295	0	0	0	inf	0	0.9621837549765723	27266.39899999996
	0	0.5242885484967295	5.412432415850581	0	0	0	inf	0	0.9591146754961949	27294.08799999996
	0	0.4398305030691869	5.776804464912694	0	0	0	inf	0	0.9560400825407305	27330.07399999996
	0	0.6263704059613401	5.748390985750532	0	0	0	inf	0	0.9529600488748967	27365.67999999996
	0	0.5581759056381699	5.708648308947716	0	0	0	inf	0	0.9498746472523152	27401.28599999996
	0	0.5836142097437166	2.674904379793084	0	0	0	inf	0	0.9467839504137969	27428.97499999996
	0	1.273501938271347	1.912844071896444	0	0	0	inf	0	0.9436880310856295	27468.95899999996
	0	1.390809480130063	2.311297555078852	0	0	0	inf	0	0.9405869619778684	27498.74699999996
	0	1.568248942282352	2.583388060058311	0	0	0	inf	0	0.9374808157826287	27535.63199999996
	0	1.180442502162756	2.590306629525145	0	0	0	inf	0	0.9343696651723798	27571.23799999996
	0	0.6888072825068029	2.554497983379214	0	0	0	inf	0	0.9312535827982426	27606.84399999996
	0	0.974733946389109	2.729724434688386	0	0	0	inf	0	0.9281326412882881	27642.44999999996
	0	1.561494026718407	2.833890869038242	0	0	0	inf	0	0.9250069132458396	27673.93699999996
	0	1.108251807878927	1.287041585848911	0	0	0	inf	0	0.9218764712477758	27709.92299999996
	0	0.7617272207190747	0.6047756350822056	0	0	0	inf	0	0.9187413878428391	27744.30899999996
	0	0.6696113736201308	3.218625797420287	0	0	0	inf	0	0.9156017355499424	27771.99799999996
	0	1.123307828932837	4.002679905183903	0	0	0	inf	0	0.9124575868564819	27807.60399999996
	0	1.267352693075808	5.786640560587941	0	0	0	inf	0	0.9093090142166508	27842.08999999996
	0	1.40201638344031	3.20242784529524	0	0	0	inf	0	0.9061560900497561	27882.07399999996
	0	1.413300291207429	5.428865422126719	0	0	0	inf	0	0.9029988867385371	27916.55999999996
	0	1.430827999405385	5.702905464196874	0	0	0	inf	0	0.8998374766274893	27950.94599999996
	0	1.487094974659523	1.086739182705159	0	0	0	inf	0	0.8966719320211867	27984.60199999996
	0	1.271685009121096	0.01564979681256062	0	0	0	inf	0	0.8935023251826113	28018.25799999995
	0	1.320558162399306	6.251100312509742	0	0	0	inf	0	0.8903287283314819	28048.04599999995
	0	1.41692930295183	6.171492805837516	0	0	0	inf	0	0.8871512136425885	28082.43199999995
	0	0.8331983915216146	5.712823457239793	0	0	0	inf	0	0.8839698532441275	28118.03799999995
	0	0.5982089954936347	4.904187077768256	0	0	0	inf	0	0.8807847192160407	28153.64399999995
	0	0.9053264796118135	4.074422785142232	0	0	0	inf	0	0.8775958835883577	28188.12999999995
	0	0.9427698123608497	1.951983229213255	0	0	0	inf	0	0.8744034183395398	28225.01499999995
	0	0.5491833011309627	4.534558406735073	0	0	0	inf	0	0.8712073953948296	28256.50199999995
	0	1.484771493123636	4.986390768993246	0	0	0	inf	0	0.8680078866245997	28290.98799999995
	0	0.9876895515056169	3.620030647885272	0	0	0	inf	0	0.8648049638427092	28325.37399999995
	0	1.437223013795446	1.311949342554456	0	0	0	inf	0	0.8615986988048587	28362.25899999995
	0	1.499412142347769	0.3119395796335169	0	0	0	inf	0	0.8583891632069525	28389.94799999995
	0	1.416039176296321	0.3194110815011015	0	0	0	inf	0	0.8551764286834613	28425.55399999995
	0	1.444724123702902	1.461238163824717	0	0	0	inf	0	0.8519605668057896	28461.15999999995
	0	1.264971938092015	0.8090761822813519	0	0	0	inf	0	0.8487416490806452	28498.04499999995
	0	0.1143353873295423	4.474437889615608	0	0	0	inf	0	0.8455197469484137	28525.73399999995
	0	0.3910063172818367	0.3928313364294382	0	0	0	inf	0	0.842294931781534	28561.33999999995
	0	0.3789685233134184	4.706058468893922	0	0	0	inf	0	0.8390672748828805	28598.22499999994
	0	0.3616252705431726	5.79722825536939	0	0	0	inf	0	0.8358368474841451	28631.88099999994
	0	1.335220046558013	6.038398132261001	0	0	0	inf	0	0.8326037207442256	28666.36699999994
	0	1.375911551995888	3.967876335087759	0	0	0	inf	0	0.8293679657476155	28697.85399999994
	0	1.22850727791082	1.190469505311349	0	0	0	inf	0	0.8261296535027993	28733.83999999995
	0	1.494919725264055	3.238414547502067	0	0	0	inf	0	0.8228888549406493	28761.52899999994
	0	1.040504380350366	0.4190896949208422	0	0	0	inf	0	0.819645640912828	28801.51299999994
	0	0.9487035638370523	4.358039975062816	0	0	0	inf	0	0.8164000821901929	28835.99899999995
	0	1.229386206175535	0.2744230549959212	0	0	0	inf	0	0.813152249461205	28867.48599999995
	0	1.151359036368378	1.109688963757606	0	0	0	inf	0	0.8099022133303421	28904.37099999994
	0	0.8296015042684579	2.653583956469284	0	0	0	inf	0	0.8066500443165145	28938.85699999995
	0	0.8624081229390098	4.468126205893149	0	0	0	inf	0	0.8033958128514856	28974.46299999995
	0	1.083231012510994	0.9139502948872291	0	0	0	inf	0	0.8001395892782955	29005.94999999995
	0	0.8092136819476886	0.7977129724041987	0	0	0	inf	0	0.7968814438496895	29041.55599999995
	0	0.7767666386366211	1.160407493013309	0	0	0	inf	0	0.7936214467265487	29077.16199999995
	0	1.019459817502048	1.353800465405733	0	0	0	inf	0	0.7903596679763268	29114.04699999994
	0	1.515657124486346	2.434140581184508	0	0	0	inf	0	0.7870961775714893	29141.73599999994
	0	1.152397738767189	0.2623571928180866	0	0	0	inf	0	0.7838310453879574	29177.34199999994
	0	1.26256992527626	2.574696246630801	0	0	0	inf	0	0.7805643412035554	29214.22699999994
	0	1.155085884404367	4.80577896684683	0	0	0	inf	0	0.7772961346964629	29248.71299999994
	0	0.9616113556590287	0.01930024882772585	0	0	0	inf	0	0.7740264954436696	29276.40199999994
	0	0.9359293086171697	0.5414405599562215	0	0	0	inf	0	0.7698834622771	29313.28699999994
	0	1.082711046981879	0.3392828582271008	0	0	0	inf	0	0.7657481963161656	29347.67299999994
	0	1.320571688087397	4.647647264825906	0	0	0	inf	0	0.7616207385325904	29382.15899999994
	0	1.343817895248937	5.829012996390738	0	0	0	inf	0	0.7575011296700839	29417.76499999994
	0	1.196183050802226	0.792401037260241	0	0	0	inf	0	0.7533894102438461	29452.15099999994
	0	1.186336167142784	3.065651365618606	0	0	0	inf	0	0.7492856205400779	29486.63699999994
	0	1.116963514243968	4.328251813263151	0	0	0	inf	0	0.7451898006154973	29521.02299999994
	0	0.8942581997071476	4.634229715444505	0	0	0	inf	0	0.7411019902968619	29550.81099999994
	0	0.7432542827521127	3.653741151917217	0	0	0	inf	0	0.7370222291804965	29585.19699999993
	0	0.4286627337506731	4.549131427554144	0	0	0	inf	0	0.7329505566318264	29622.08199999993
	0	0.324126603863633	5.958615510175079	0	0	0	inf	0	0.7288870117849163	29649.77099999993
	0	0.7685208175977996	4.607785455060622	0	0	0	inf	0	0.7248316335420162	29686.65599999993
	0	1.516568657803993	4.881347356342225	0	0	0	inf	0	0.7207844605731105	29716.44399999993
	0	1.416960131493317	4.412303539385491	0	0	0	inf	0	0.7167455313154755	29750.82999999993
	0	0.8657653488899741	4.994701256018658	0	0	0	inf	0	0.7127148839732402	29786.81599999993
	0	1.150867831441376	2.32453996242797	0	0	0	inf	0	0.7086925565169553	29818.30299999993
	0	1.464139237917591	2.917038024726843	0	0	0	inf	0	0.7046785866831652	29854.28899999993
	0	1.107249948429838	0.5175154556923474	0	0	0	inf	0	0.7006730119739878	29885.77599999993
	0	1.004121051862471	5.145720104340548	0	0	0	inf	0	0.6966758696566989	29921.76199999993
	0	1.370722422319373	5.690639391351873	0	0	0	inf	0	0.6926871967633235	29957.36799999993
	0	1.057344843035924	2.537579163005972	0	0	0	inf	0	0.6887070300902303	29988.85499999993
	0	0.7231805572883369	0.3908744634466004	0	0	0	inf	0	0.6847354061977353	30025.73999999993
	0	1.052921370191332	0.7510193961096547	0	0	0	inf	0	0.6807723614097082	30059.39599999993
	0	1.293805824200589	0.7265137220415525	0	0	0	inf	0	0.6768179318131864	30089.18399999993
	0	1.484053139493492	6.051543906333919	0	0	0	inf	0	0.6728721532579931	30129.16799999993
	0	0.8332975729715879	3.073619168455025	0	0	0	inf	0	0.6689350613563629	30163.65399999993
	0	0.175872713620939	3.297957479367923	0	0	0	inf	0	0.6650066914825714	30198.03999999993
	0	0.2494892255494736	2.282052976540186	0	0	0	inf	0	0.6610870787725717	30225.72899999993
	0	0.4550711763005552	2.003956700019558	0	0	0	inf	0	0.6571762581236357	30261.33499999993
	0	0.4035447409966433	2.659757649899582	0	0	0	inf	0	0.6532742641940023	30296.94099999993
	0	0.5348720435208562	4.468232703045139	0	0	0	inf	0	0.6493811314025293	30331.42699999993
	0	0.4187553694531251	5.887264551211729	0	0	0	inf	0	0.6454968939283536	30368.31199999993
	0	1.274975547097672	1.684910917981242	0	0	0	inf	0	0.6416215857105544	30402.69799999993
	0	1.228295092023943	2.309081296581525	0	0	0	inf	0	0.6377552404478243	30436.35399999993
	0	0.7478909711869142	2.230036396787092	0	0	0	inf	0	0.6338978915981449	30470.83999999993
	0	0.751686575093292	5.529613337070927	0	0	0	inf	0	0.6300495723784679	30502.32699999993
	0	0.8366176849049901	0.8813685072301212	0	0	0	inf	0	0.6262103157644032	30539.21199999993
	0	1.363748178832596	1.782384420959218	0	0	0	inf	0	0.6223801544899105	30573.69799999993
	0	1.392565134040839	1.784501807003004	0	0	0	inf	0	0.6185591210469993	30609.30399999993
	0	1.221635505523538	5.081538502482289	0	0	0	inf	0	0.614747247685432	30640.79099999993
	0	1.48541196640316	5.717542166612795	0	0	0	inf	0	0.6109445664124342	30676.77699999993
	0	1.567642925755118	3.893804953733692	0	0	0	inf	0	0.6071511089924106	30704.46599999993
	0	1.269396998839254	3.832655072204098	0	0	0	inf	0	0.6033669069466656	30744.44999999993
	0	1.338659061193622	5.878044628150725	0	0	0	inf	0	0.59959199155313	30772.13899999993
	0	1.434424320997799	6.218764222235777	0	0	0	inf	0	0.5958263938460946	30808.12499999993
	0	0.763440565763827	3.058687956088733	0	0	0	inf	0	0.592070144615947	30843.73099999993
	0	0.2572281572616779	4.407281389814969	0	0	0	inf	0	0.5883232744089167	30879.33699999993
	0	1.157332837150794	3.696537664347453	0	0	0	inf	0	0.5845858135268253	30910.82399999993
	0	0.3958145409507099	4.855830629187331	0	0	0	inf	0	0.5808577920268421	30946.42999999993
	0	0.909507463678442	3.470850707081517	0	0	0	inf	0	0.5771392397212475	30983.31499999993
	0	1.266127620397703	0.5184741677394769	0	0	0	inf	0	0.5734301861772003	31017.80099999993
	0	0.4666046151490672	1.024503084909767	0	0	0	inf	0	0.5697306607165135	31053.40699999993
	0	0.2873727272999527	0.7332076059638268	0	0	0	inf	0	0.5660406924154334	31089.01299999993
	0	0.1772419736916062	0.3799841146962208	0	0	0	inf	0	0.5623603101044273	31123.39899999992
	0	0.1314257715585552	0.9022629686797004	0	0	0	inf	0	0.5586895423679759	31157.05499999992
	0	0.6681292445758826	5.997040194508308	0	0	0	inf	0	0.5550284175443712	31191.54099999992
	0	1.549788461753532	2.664436909612313	0	0	0	inf	0	0.5513769637255225	31223.02799999993
	0	1.435162476885663	3.59206457460634	0	0	0	inf	0	0.5477352087567663	31258.63399999993
	0	1.241560629682302	2.611939301887361	0	0	0	inf	0	0.5441031802366834	31294.23999999993
	0	1.470215653051	2.760867065737912	0	0	0	inf	0	0.5404809055169219	31329.84599999992
	0	1.467167383722523	2.855762971502372	0	0	0	inf	0	0.5368684117020259	31365.45199999992
	0	1.350777786199365	2.893820194420762	0	0	0	inf	0	0.5332657256492705	31401.05799999992
	0	0.9597375539499216	3.360287109643643	0	0	0	inf	0	0.5296728739685033	31437.04399999993
	0	0.9562366340324223	0.5605345966426754	0	0	0	inf	0	0.5260898830219904	31472.64999999993
	0	1.06365371930751	0.2070708533267478	0	0	0	inf	0	0.5225167789242705	31500.33899999992
	0	1.226530901392099	3.528583265268587	0	0	0	inf	0	0.5189535875420135	31537.22399999992
	0	1.090013657804782	5.98576633855032	0	0	0	inf	0	0.5154003344938856	31572.82999999992
	0	0.6977676473628007	1.023521492380141	0	0	0	inf	0	0.5118570451504206	31608.43599999992
	0	0.5612223068449232	4.19841347322064	0	0	0	inf	0	0.5083237446338974	31636.12499999992
	0	1.137647659645308	1.97746955953869	0	0	0	inf	0	0.5048004578182222	31669.78099999992
	0	1.5094279197517	0.1435157274556644	0	0	0	inf	0	0.5012872093288189	31703.43699999992
	0	1.377453724576875	4.765005249080005	0	0	0	inf	0	0.4977840235425235	31737.82299999992
	0	1.418781054772984	2.232779480839078	0	0	0	inf	0	0.4942909245874857	31774.70799999992
	0	0.7996674585906411	5.516656082550853	0	0	0	inf	0	0.490807936343076	31809.19399999992
	0	0.4848981325352628	4.406013376328239	0	0	0	inf	0	0.4873350824397987	31840.68099999992
	0	0.90128104522122	5.411655088142517	0	0	0	inf	0	0.4838723862592119	31877.56599999992
	0	1.170497669352317	0.4835444141440206	0	0	0	inf	0	0.4804198709338517	31905.25499999991
	0	1.469565251791642	0.9090790395467749	0	0	0	inf	0	0.476977559347164	31941.24099999991
	0	1.421221436223039	1.077183390641473	0	0	0	inf	0	0.4735454741334418	31975.62699999991
	0	1.546220758032252	3.955451038979945	0	0	0	inf	0	0.470123637677768	32010.11299999991
	0	1.536450493578581	1.116399639435933	0	0	0	inf	0	0.4667120721159645	32041.59999999991
	0	1.51301782102121	0.1774465191020695	0	0	0	inf	0	0.4633107993345477	32078.48499999991
	0	1.562322551909647	4.52267024926617	0	0	0	inf	0	0.4599198409706893	32112.97099999991
	0	1.413527893794535	6.177546565538336	0	0	0	inf	0	0.456539218412183	32148.57699999991
	0	1.359228296799959	1.68700099981718	0	0	0	inf	0	0.4531689527974183	32180.06399999991
	0	1.547618221133096	2.003267378168935	0	0	0	inf	0	0.4498090650153586	32216.04999999992
	0	1.339080732736651	2.190457462578202	0	0	0	inf	0	0.4464595757055264	32251.65599999992
	0	1.476906145329181	5.888976578633766	0	0	0	inf	0	0.4431205052579941	32283.14299999992
	0	1.534910142578643	0.02522573816298745	0	0	0	inf	0	0.4397918738133808	32318.74899999992
	0	0	NAN	0	0	0	inf	0	0.4364737012628545	32354.35499999992
	0	0	NAN	0	0	0	inf	0	0.4331660072481414	32388.84099999992
	0	0	NAN	0	0	0	inf	0	0.4298688111615393	32422.49699999992
	0	0	NAN	0	0	0	inf	0	0.426582132145939	32456.15299999991
	0	0	NAN	0	0	0	inf	0	0.42330598909485	32496.13699999992
	0	0	NAN	0	0	0	inf	0	0.420040400652433	32523.82599999991
	0	0	NAN	0	0	0	inf	0	0.4167853852135372	32559.43199999991
	0	0	NAN	0	0	0	inf	0	0.4135409609237451	32596.31699999991
	0	0	NAN	0	0	0	inf	0	0.4103071456794219	32630.80299999991
	0	0	NAN	0	0	0	inf	0	0.4070839571277707	32666.40899999991
	0	0	NAN	0	0	0	inf	0	0.4038714126668944	32694.09799999991
	0	0	NAN	0	0	0	inf	0	0.4006695294458635	32728.48399999991
	0	0	NAN	0	0	0	inf	0	0.3974783243647884	32762.96999999991
	0	0	NAN	0	0	0	inf	0	0.3942978140748984	32799.85499999991
	0	0	NAN	0	0	0	inf	0	0.3911280149786275	32831.34199999991
	0	0	NAN	0	0	0	inf	0	0.3879689432297037	32867.32799999991
	0	0	NAN	0	0	0	inf	0	0.3848206147332465	32895.01699999991
	0	0	NAN	0	0	0	inf	0	0.3816830451458684	32929.4029999999
	0	0	NAN	0	0	0	inf	0	0.3785562498757835	32965.3889999999
	0	0	NAN	0	0	0	inf	0	0.3754402440829208	33000.9949999999
	0	0	NAN	0	0	0	inf	0	0.3723350426790435	33035.3809999999
	0	0	NAN	0	0	0	inf	0	0.3692406603278756	33069.0369999999
	0	0	NAN	0	0	0	inf	0	0.3661571114452312	33102.6929999999
	0	0	NAN	0	0	0	inf	0	0.3630844101991528	33130.3819999999
	0	0	NAN	0	0	0	inf	0	0.3600225705100528	33165.9879999999
	0	0	NAN	0	0	0	inf	0	0.3569716060508623	33202.87299999991
	0	0	NAN	0	0	0	inf	0	0.353931530247185	33230.5619999999
	0	0	NAN	0	0	0	inf	0	0.3509023562774565	33266.1679999999
	0	0	NAN	0	0	0	inf	0	0.3478840970731103	33301.7739999999
	0	0	NAN	0	0	0	inf	0	0.3448767653187482	33337.3799999999
	0	0	NAN	0	0	0	inf	0	0.3418803734523175	33374.2649999999
	0	0	NAN	0	0	0	inf	0	0.3388949336652929	33404.05299999991
	0	0	NAN	0	0	0	inf	0	0.3359204579028649	33440.93799999991
	0	0	NAN	0	0	0	inf	0	0.3329569578641335	33476.54399999991
	0	0	NAN	0	0	0	inf	0	0.3300044450023071	33510.92999999991
	0	0	NAN	0	0	0	inf	0	0.3270629305249077	33545.4159999999
	0	0	NAN	0	0	0	inf	0	0.3241324253939815	33581.0219999999
	0	0	NAN	0	0	0	inf	0	0.3212129403263146	33615.4079999999
	0	0	NAN	0	0	0	inf	0	0.3183044857936554	33643.0969999999
	0	0	NAN	0	0	0	inf	0	0.3154070720229412	33678.7029999999
	0	0	NAN	0	0	0	inf	0	0.3125207089965311	33713.1889999999
	0	0	0	0	0	0	inf	0	0.3096454064524449	33747.5749999999
	0	0	0	0	0	0	inf	0	0.3067811738846067	33784.4599999999
	0	0	0	0	0	0	inf	0	0.303928020543094	33818.1159999999
	0	0	0	0	0	0	inf	0	0.3010859554343934	33851.7719999999
	0	0	0	0	0	0	inf	0	0.2982549873216604	33885.42799999991
	0	0	0	0	0	0	inf	0	0.2954351247249858	33919.9139999999
	0	0	0	0	0	0	inf	0	0.2926263759216671	33951.4009999999
	0	0	0	0	0	0	inf	0	0.2898287489464848	33987.0069999999
	0	0	0	0	0	0	inf	0	0.2870422515919858	34023.89199999991
	0	0	0	0	0	0	inf	0	0.2842668914087702	34058.3779999999
	0	0	0	0	0	0	inf	0	0.2815026757057852	34086.0669999999
	0	0	0	0	0	0	inf	0	0.2787496115506234	34122.9519999999
	0	0	0	0	0	0	inf	0	0.2760077057698269	34158.5579999999
	0	0	0	0	0	0	inf	0	0.2732769649491966	34194.1639999999
	0	0	0	0	0	0	inf	0	0.2705573954341074	34229.7699999999
	0	0	0	0	0	0	inf	0	0.2678490033298279	34264.1559999999
	0	0	0	0	0	0	inf	0	0.2651517945018461	34293.9439999999
	0	0	0	0	0	0	inf	0	0.2624657745762004	34333.9279999999
	0	0	0	0	0	0	inf	0	0.2597909489398153	34363.7159999999
	0	0	0	0	0	0	inf	0	0.2571273227408434	34398.1019999999