1.01207117212681	0.003742424430106136
1.008128643598109	0.004638457667304542
1.016994357664128	0.004865450903726187
1.016132822561232	0.003700648157823816
1.015878551088209	0.006778791596433604
1.010711098395007	0.007764303817830979
1.012335728206776	0.009162420878899725
1.012447177079287	0.01244581075525208
1.011925674526682	0.01058031739945278
1.018955113261594	0.00987070701647446
1.017139187048311	0.009079245660621758
1.017497495714413	0.01007647122314021
1.015547863964241	0.006633030637547599
1.016680607372739	0.008633682619925368
1.017492464020298	0.01006758424244543
1.024108967243157	0.0051642025128228
1.022084177916037	0.001854268621439698
1.022554855158573	0.002615226632182206
1.011673415218345	0.00216512046412369
1.012818214245913	0.001440369389817699
1.015691278540243	-0.002082931071067224
1.012202705419518	-0.002926874831544821
1.013571069624579	-0.006520612228061618
1.011149689883907	-0.008079178496341296
1.013959140799304	-0.005396670880639945
1.012899512978183	-0.0027092050639917
1.00910718821261	-0.0008095239043502606
1.007163402809262	0.001034134478366613
1.011391356194179	0.001608378783700255
1.017790928315604	0.001988562026322435
1.012007759947199	-0.004294834079534592
1.014294428630685	-0.002466482324151621
1.011812967714654	-0.00244334822343986
1.008110072675917	-0.001543503789074253
1.003990486876483	-0.001118776421498432
1.007794260784173	-0.0007253368411970781
1.011061838318628	-0.002952203691701679
1.012657691591054	-0.0002606184190977261
1.014833535356716	-0.002625388520047783
1.01561871837918	-0.004759438728401843
1.015912992265387	-0.003116577175089848
1.018098394730969	-0.002214494770317339
1.015688615198767	-0.0002071096985662727
1.016273735087201	-0.00301826997773816
1.014526392514577	-0.004395885846209046
1.013872215581242	-0.005694221213669503
1.009034641607156	-0.008270289871280489
1.007696558693146	-0.004692926428174799
1.008133330836597	-0.005704073719196904
1.007500091190259	-0.001856522445362808
1.00782068268114	0.0003208722003616961
1.008431812881997	-0.002943967493104538
1.007003786972948	-0.003242765890398629
1.007066043359649	0.002087046852905846
1.009683050321335	-0.001814948120551196
1.012820045948669	0.0001814242504485776
1.011515664498557	0.003326657299843175
1.023387543416981	0.005103235009857435
1.023378083635684	0.005474591431494997
1.025287493992465	0.004391270950896741
1.027366833021755	0.004400778763236423
1.018540439152424	0.008202115112459819
1.019227602383807	0.009955291309213823
1.017937197809112	0.009452688257657337
1.01758112427412	0.01090454000857042
1.018063126135925	0.01031021862798366
1.013910050585275	0.01021127193526633
1.012721051426811	0.01469174771046903
1.007809233335214	0.01007195008211164
1.007907181204429	0.009436879266335197
1.006993890380328	0.01202078255017869
1.009907713657301	0.01217171642206482
1.004878480847259	0.01743279071565946
1.001061043198781	0.01639697041276969
1.000537504649371	0.0189338848514832
1.003983589700105	0.01512830380200156
1.000958424472759	0.01276803395957819
1.002622418467541	0.01544150235926433
1.006784273606094	0.01450328387917213
1.008643729813481	0.01280390572296461
1.003428667431102	0.01226490601338336
1.002223390870614	0.01179522693937935
1.003834904847231	0.01737572766423071
1.002429286919703	0.01789437237735045
0.9946963351642932	0.01377632026242006
1.003785229531777	0.01495307665040313
1.006228761359747	0.01325434311146472
1.003776718289403	0.01257602654203569
1.000848596539315	0.01485047656410214
1.006199784529291	0.01806743979093487
1.008352726414598	0.01962743965087733
1.011147610495379	0.01951477988002717
1.012785117929813	0.01531703548124792
1.012848385040237	0.01438419595818329
1.01572405766489	0.01159788246888194
1.01613098743342	0.01088486356300467
1.00903949346006	0.009079377691976582
1.011319572690954	0.005866876755768194
1.008366250701861	0.003847533046226846
1.008774145748073	0.002763183065543266
1.010452150514344	0.004508164186260367
1.011340475278094	0.006475134797252112
1.010821465691461	0.002263373696361949
1.011286611989192	0.001273026543579159
1.010006681441227	0.001125047693096971
1.006931879721451	0.002149037882118403
1.01050328799333	0.001580471896353248
1.015696363760013	0.004092770283585148
1.014903926202127	0.001046721957647565
1.00985906065122	-0.0005494489556820886
1.010376494883549	0.003570752540818296
1.011004046122159	0.0002491906244670807
1.009366627690388	0.0003698169554444558
1.008548989124144	0.003497531708582603
1.011270642431316	0.002541187384195577
0.9998909523900799	0.0007308338743511555
0.9981055787755478	0.002071207414955129
0.999653685466399	0.00265304598592768
1.004648820254101	0.002274570311058969
1.001887618982835	0.0004733894631763279
1.00289229385798	-0.003466665123137301
1.003308767066019	-0.003833541523821952
0.9936287185287842	-0.001241150785799361
0.9962629981953744	-0.002727926864580448
1.002659359721731	-0.003899283054003263
1.004166405115522	-0.002620351332082727
1.00261330215959	-0.004837522217122956
1.005446822329121	-0.005363227983891383
1.00053092109782	-0.003966498417202949
1.005122390010534	-0.004576742193007303
1.006114236026447	-0.007807031447848998
1.008956392428531	-0.007050338547266267
1.007396275112342	-0.00510821140940096
1.006041443433481	-0.002815447560390416
1.005717342893076	-0.003135290282906758
1.00557853553917	-0.003145615409982164
1.007699189977335	-0.0007055666859350651
1.004520548661226	-0.001183276669010912
1.006530023742159	-0.003692056719854279
1.007496708889113	-0.003461561162950253
1.005822418406404	-0.003673784721666034
1.005355649812777	-0.00114010321850873
1.002499807344404	-0.003297152103658878
1.000785959447022	-0.001731136061513284
1.007961854312474	-0.0009322938774029902
1.007326221934654	0.0006960250738358264
1.010327625405529	-0.0006477006245853957
1.012755644383931	-0.0004730107196383117
1.008400186439922	-0.001955558902647308
1.006925198270953	-0.00303091643531983
1.012314114753537	-0.001150706322264515
1.011304913161612	-0.0004027788267416553
1.00971588924712	0.0001588894007350168
1.007468513698624	-0.002867495277929051
1.004314954331946	-0.005659528610999267
1.000565415799437	-0.00267902157854213
1.002219914634182	0.0001826717047007904
1.005165233864902	0.003488019254870655
1.004715369609504	0.003098370442519608
1.003927518012669	0.001757877037954464
1.003664013314985	0.002706803390624889
1.001091131977307	0.004521324013275997
1.004988953115004	-0.0004980744743860249
1.000528044027445	-0.00251123822607086
1.000897396744439	-0.0008557596255380777
1.001334654620302	0.002341734268938233
0.9961753744648688	0.002534167417378112
0.9974141863718959	0.005793115078960091
0.9947646262202482	0.005357621515706238
0.9958129746243505	0.006017575200941601
0.9934887208761262	0.003262404601454994
0.9908232043263642	0.003699320037308925
0.9893269013618857	0.005596768766018948
0.988838727426015	0.004785128325606168
0.9924646055777615	0.006913881531289559
0.9898946134918722	0.00622762710132127
0.9879185989167715	0.005410416098215874
0.9862325713814822	0.007194668763798359
0.9877381649827293	0.006916993021160334
0.9882736148919673	0.007244353909853615
0.9892049906285678	0.007139220310128916
0.9888339321853356	0.007984243726063203
0.9872362365306657	0.01131192721883092
0.9895651433019902	0.01034803922377307
0.9851648103337957	0.009215937902996666
0.9873523886519704	0.009922343041051582
0.9933663020005424	0.01185054206929542
0.9953433036219411	0.008646885290338698
0.991033812327809	0.009720606155390651
0.9919814908834902	0.008151745315068425
0.9940735644406224	0.006763852746916208
0.9921338843568288	0.003744531659873193
0.9893252152917572	0.004038832764826516
0.9911278770855558	0.005501692321498139
0.9927174827486257	0.009472994786796356
0.9877253596482612	0.005758157109413496
0.9942339899845395	0.0066613341374801
0.9975793685143337	0.005035303837589655
0.9883017431732163	0.004064499019020501
0.9867727660357541	0.008170856762537102
0.9899708633650968	0.01114980093318501
0.9885998916068701	0.01094450223782032
0.9821791243398389	0.01037716831623994
0.9821062306426515	0.01091407501993738
0.9789986874279523	0.01316915272250545
0.9765322269075826	0.01559251533740819
0.9759196268312126	0.01300226362607737
0.9741819240650612	0.0132109567043345
0.9759296456810047	0.01703879237977453
0.976949693519101	0.01653614463359604
0.9747803299065514	0.01680860126096514
0.9781041194404223	0.01530199874926771
0.9759848417960469	0.01393891235919154
0.9747746988503075	0.01357299914768316
0.9741967061912457	0.01491191265080706
0.9721606360052057	0.01889273842952188
0.9786890428033428	0.01643659625048665
0.9769959070181787	0.01379228016970309
0.977592649332263	0.01429014823489238
0.9770887890166894	0.01288769131634657
0.9731057366096996	0.01363837284526865
0.9700744513288209	0.01719761300576722
0.9699408398609239	0.01658222322878402
0.9667574280191172	0.01572626305108677
0.9651644765797215	0.01972677414379679
0.9688778707282909	0.01844215127549267
0.9678609346022654	0.01446122054773352
0.9649090182072764	0.01699915901025636
0.9679933819257284	0.01871111767220057
0.9689768765046999	0.01543332539960686
0.9656531337186285	0.01289339505520103
0.9665375350556404	0.01511373763350787
0.9685411474235911	0.01369397317090007
0.9679241458673066	0.01825952118080323
0.9691920626204874	0.02055141265378096
0.971951761889942	0.01502933297468355
0.9683662242676907	0.01548986826195692
0.9643121434167137	0.01748369562319245
0.9617422567528908	0.01737523618121472
0.9611780564265623	0.02187622018400773
0.9618920592288195	0.02290089837924833
0.9588901156613885	0.02651052098594192
0.9540708320844317	0.02706702302387129
0.9629759354490885	0.03019123810053687
0.9602659125555808	0.02948428823883657
0.9622382703445002	0.02749587003765675
0.9610843511399659	0.02578381399926772
0.9658516858175238	0.02293530929365527
0.9636957362440874	0.02511718491650558
0.9692731848705552	0.02314427282283475
0.969733698700152	0.02102572717703396
0.9752769298642872	0.026017527831176
0.9763150525295353	0.02352809859270326
0.9780483849149446	0.02064018284082531
0.9742387706422436	0.01901777514234871
0.972979681687711	0.01988952062541462
0.9763982995546205	0.02219086218195692
0.9694803290255727	0.02034854233923397
0.9672538632283487	0.01870981554978197
0.9642186584238074	0.0196747315638549
0.9647843755046863	0.01735845111391544
0.9661452860483999	0.01472919684220594
0.9637458375702034	0.01670897733334456
0.9595027902172529	0.01108257330318735
0.9621404547400817	0.01395082924830051
0.9609785077574136	0.01389713890916212
0.9640227827322511	0.01459487734252391
0.9637283210213002	0.01550792663168074
0.9644397466953472	0.01620924660769845
0.9611332606825952	0.01268525430823486
0.957979312365001	0.01317091560634032
0.9584048845766873	0.01687078670070609
0.9643987029020347	0.0192154712720348
0.9649873006539932	0.01636647675900263
0.9666710114039456	0.01732109586060498
0.9637124756931658	0.02127481882406285
0.9696567338577045	0.02358216502094823
0.9680023310609985	0.0243426019215627
0.9710908996737027	0.0205480192843972
0.9671148886272272	0.01789013839517141
0.9647484233788293	0.01646705808800996
0.9640077467799429	0.01542553766569276
0.9629204661530067	0.01541786839638592
0.9637911009140244	0.01850050408487484
0.9684772914096339	0.01975516856339921
0.9713678163767857	0.01748447614860859
0.9686676851019524	0.0162567609658865
0.965984922801013	0.01541788893474689
0.970519592725876	0.01720827760146101
0.9772584112252529	0.01789913401556057
0.9769129692056386	0.01698329057162993
0.973121816300935	0.02054873437754858
0.9756617769328666	0.02069377939799271
0.9746640169123347	0.01983763686715603
0.9807848815612328	0.02168000263452991
0.9786343766007533	0.01964641824809786
0.9770688366227235	0.01671916611623657
0.9778929764144093	0.0141845207269605
0.9781002651213931	0.009957983470623901
0.9759437715495455	0.008948486251760738
0.974195972507948	0.01019371513888666
0.9762311203439115	0.01199136490938435
0.9750757510507293	0.01366059251007541
0.9738124898259563	0.01378605677213511
0.9730601505253063	0.01434854463647463
0.9750925189553851	0.01300487638752573
0.9786133424984496	0.00906139077487305
0.9744926845195223	0.006653794185814602
0.9751976881219062	0.004940898681522077
0.9706521158967603	0.004021127098085931
0.9731201776172655	0.009253095047247927
0.9740324849640174	0.008325718064847968
0.9770153297892361	0.006803581339977161
0.9755343987005103	0.003375384417782271
0.9732895783063091	0.002022661516889917
0.9757568623906269	0.00128874100016023
0.9762617132419704	-0.001109497236930035
0.9739030863743031	-0.005178016265543425
0.9739337990553738	-0.006020251962437753
0.9817813525208824	-0.002826656346020126
0.9800068468914814	-0.0006149943765448882
0.9792192587294134	-0.004490368487824159
0.9780636515478526	-0.002776991244260619
0.9813118662145761	-0.002443673429860203
0.9800287995641085	-0.002235456677673936
0.9849668283210792	-0.003058359182386327
0.985703519950671	-0.006159838642294917
0.9910983708289415	-0.003966043599032104
0.9905899701870916	-0.005831919130331288
0.9847016562584844	-0.0009205235777353959
0.9871434311025102	-6.351603784792852e-05
0.9919955291337921	-0.001381007338715388
0.9888112693671596	0.0004617166878693364
0.9877708062129245	-0.002837754123320861
0.9888464398832043	-0.005301741388557725
0.9872458510922975	-0.003144828798267407
0.9888775213805224	-0.00191829400046271
0.9904827799141117	-0.001620826768821885
0.991263780556858	-0.001114099350438854
0.9924467448292517	-0.0003224815680133648
0.9941503695274407	-0.002632423555076163
0.9991981746604097	0.0001218174532048537
0.9973993206489201	0.001307974387874033
0.9975548967417107	0.004145375531203131
0.9934867128697845	0.00217510262406622
0.992547170964046	0.00123497317108434
0.993536684229738	0.0009728849935968897
0.9961100170069106	-0.0007266454050053109
0.9926071334432985	0.001123383649212462
0.9962861535298994	-0.001566358950209648
0.993871289119763	-0.003534750227212321
0.9951613663967652	-0.00159917478993799
0.9968952402831164	-0.004844327557516142
0.9990056471302847	-0.008011378029503061
1.000256736936325	-0.01138293311493444
0.9995996674301411	-0.009620133782417911
0.9908399389374698	-0.009510666371260553
0.9909824552906856	-0.01174057529296
0.9928391704480249	-0.01049742866664633
0.9928921208634736	-0.01142280713302908
0.9959947953025695	-0.006351155238263499
0.998518867192007	-0.005583114753525598
0.9933009953331686	-0.006781457996659784
0.9982195264055096	-0.007470678467425811
0.9936595977504233	-0.008808118497951383
0.9914147006817237	-0.006452361130541677
0.9959531375391363	-0.003426219342421977
0.9982428393618131	-0.003166491435052511
1.002178346189158	-0.000223389042227097
1.001071185111043	-0.003639649161521938
0.9979916073387594	-0.004483939583741694
0.9974243703042031	-0.00246576616632831
0.9998314318880008	0.0003816494568017231
1.000343219734233	0.001256295120044902
1.001463398260129	0.0009866125437477207
1.001610421191317	9.749237747337768e-05
1.002294771175777	0.0006623573626140883
0.9964059527639747	-0.005089251312189021
0.9989637429502947	-0.005191874045243545
0.9953631711001097	-0.005606119560935098
0.9958116884725033	-0.006720030481747873
0.9949641531289826	-0.0074977821487739
0.9977273282733145	-0.004331104478645769
0.9970455685849279	-0.00598531214483721
0.9968588029357357	-0.00965146211973897
0.9913305826117459	-0.01249386452026535
0.9983169107436025	-0.01073047746540849
0.9976761464622469	-0.01324548868704554
0.996531933117739	-0.01226843659588742
0.9909421778862963	-0.01497301858590734
0.9925964711738715	-0.01594616073079381
0.9908569978749808	-0.0163778894413621
0.9914686208520076	-0.01621937088487188
0.9914386043070382	-0.01605824755720807
0.9929544917318541	-0.01493431516799695
0.9967106632076714	-0.0203210786315425
0.9929048005901938	-0.02381669564415424
0.9880841150953769	-0.02275805097025923
0.9873779714331949	-0.0189627817418151
0.9933488271183071	-0.02209332904261331
0.9925729969757955	-0.02473173674150883
0.9884380933205185	-0.02568175645459352
0.9855073659409761	-0.02438806580153913
0.9889399934781629	-0.02345767799137779
0.9905485517015941	-0.02285889211129953
0.987782523723153	-0.02414872594714793
0.9889814542818269	-0.02676589932478886
0.9888602713264417	-0.02465273095398286
0.9892830732430926	-0.02394168073885765
0.990660408386974	-0.02003989914744081
0.9920508702036718	-0.01820245651969733
0.9895601376193439	-0.01818233245992009
0.9853601042345392	-0.01828279096463386
0.985550173655771	-0.01809835559465959
0.9819981609401547	-0.01647506627715938
0.9852499427190266	-0.01485114301312717
0.9826621366561831	-0.01594032142046876
0.9824522138395875	-0.01143884796988591
0.9854244791835974	-0.007974769459873073
0.9821159729126618	-0.00443146624772265
0.9864599245307837	-0.003959749970272089
0.9841392282254984	-0.0007381573737280817
0.9830305158424393	-0.001534874648520347
0.9778160006772224	-0.003610943190662858
0.9793676970578591	0.0001133513767425595
0.9755584933793342	-0.0006822418793474108
0.975046683471007	0.0006150363465363505
0.9771090574230141	0.003475050386719606
0.9750944544044687	0.002390038290537879
0.9723969012809488	0.004831234385150029
0.9748592602301773	0.008847013561043988
0.9748235490863032	0.009778732161986945
0.9653225075309967	0.01005093238264426
0.9674003443932915	0.009257220366302304
0.9692134195246344	0.009678408849129001
0.968090129143573	0.01072634233844284
0.9643301457175577	0.01175718469358687
0.9656579243171094	0.01160935581871735
0.9629786922930784	0.01548261272979504
0.9669178588722412	0.01391151853932186
0.9583227804263392	0.00933980845374361
0.9672341392687612	0.01141431671725614
0.9688773713472267	0.01000666558022369
0.9672794961734229	0.01094880635934587
0.9652992922819084	0.01169489193595165
0.9672689490279583	0.008518077306526593
0.970610249556919	0.01382735197976544
0.9719610913641432	0.01540324133576859
0.9753078092779787	0.01343639166274341
0.9790441900407935	0.009543801690510091
0.9760467148994018	0.00590398828392703
0.974619412683131	0.006659929443254767
0.9778932028062821	0.009274141033173769
0.9784576505480747	0.008785692337096924
0.970493692908588	0.004892192563759
0.9728494602718138	0.005907461750358825
0.9748134516642414	0.002713227189227222
0.9745664409296476	0.003203301873233867
0.9725809079288228	0.006696732868385865
0.9743696255101764	0.002178189471418194
0.9739748840082966	0.001953724695625686
0.9757497637922643	0.001228162874987443
0.9719198465391494	0.002905742931595034
0.9747894332408258	0.001293841238966856
0.9746694417903182	-0.001734455706777016
0.9712752541744923	-0.0001510175242470797
0.9680957274984408	0.00216230990391439
0.9725183801975367	0.005210967821113909
0.9764878294427279	0.003637472286608351
0.9747149933922618	0.0007239735943884023
0.974746343625312	0.002725981782571493
0.9731576510277309	0.001499042485871789
0.9752866627063123	0.005040823263662757
0.9677135909707252	0.002849135781250577
0.9680892671391831	0.002964487209071427
0.9660885044129013	0.00609301207166314
0.9647367222634968	0.00743489120648826
0.9633647420542215	0.00332746496869926
0.9645786005271254	0.0004965242752460322
0.9620609998954089	-0.0004454462632771203
0.9623282327007383	-0.001038956146429555
0.956518337534867	-0.0005818607942171178
0.9633286978789968	-0.002118052030260259
0.9635676208575337	-0.002114908262709829
0.9641227882590414	-0.003378027139512319
0.9654122930864577	-0.006345269948071526
0.963129294846612	-0.004452898452001653
0.9608638601158305	-0.002822768490156111
0.9630668372381672	-0.002795929959193111
0.9609309792758217	0.0004483581112912515
0.9616422432502031	0.003910981692872227
0.9640007168128523	0.007288494540623879
0.965966662510878	0.009540354177175676
0.9629668633522626	0.01128678650781582
0.9651322861091005	0.008316143298339372
0.9617468342718896	0.005915676601160907
0.9627687076467757	0.00732798409507743
0.9645302126022501	0.01063709877923165
0.9668485173868486	0.009743411775929122
0.9585249827003914	0.007334076682290812
0.9596719887365034	0.006947153224279765
0.9603413504881926	0.002708515676913988
0.9597453855757744	0.004173921187260054
0.966999344342193	0.003562166538104486
0.9660772060933863	0.007999512102089414
0.9663998729851047	0.00706164645585259
0.9678056384487815	0.00701495371563926
0.9693571766052254	0.003736408655223246
0.964880664772337	0.005646904488491413
0.9684189248229617	0.004989007175236613
0.9682217924714458	0.004544402029285272
0.9680750262678366	0.0005934209103913211
0.9656047123225052	0.005480932291634912
0.9695610677007679	0.005763581822467988
0.9696356165007426	0.003999555059610039
0.9693294549091467	3.310760215193428e-05
0.9634637691470934	-0.002532590585743084
0.9624517000039902	-0.002589515123618382
0.9666856849025323	-0.0004075636674529009
0.9663417422802955	-0.0005094852999226398
0.9615492238121049	-0.005820778083084608
0.9650276313942938	-0.007124702836907643
0.9634590774920584	-0.01167443966463843
0.9675789516417332	-0.008572378602734772
0.9709400756639553	-0.007192704417223427
0.9738544951931807	-0.007845518661339319
0.9732687244131092	-0.01117397203647946
0.9771756194078866	-0.0142152574266771
0.9751621545711331	-0.01752594447021397
0.975148790485778	-0.01652350828599113
0.9756501531568974	-0.01829032911314189
0.9708267509375299	-0.02008099400843361
0.9798661758110808	-0.02346467348490236
0.9780519291648101	-0.02410970969338471
0.9815495937972488	-0.02338546519991437
0.9808373764549866	-0.02029575729464556
0.9840050853326714	-0.01991295683859073
0.9814668993972919	-0.02175683149465904
0.9841454658815108	-0.02275868092734112
0.9883677534824099	-0.01838650836092755
0.9878694215918566	-0.01938696943072645
0.9909085219269714	-0.01887935670912852
0.9927090581244277	-0.02174803248183868
0.9926717772240679	-0.02304746107950667
0.9929460198039666	-0.02197234779226252
1.001555463150298	-0.02662092052035521
1.000936242793014	-0.02841648733641304
0.9982600480395764	-0.02832357367264067
0.9995043443761387	-0.03064820614224419
1.001268772523279	-0.03277812016138335
1.001747220394708	-0.03318323813694511
0.9998674181739209	-0.03641224095685623
0.9984572783518142	-0.03521815779210883
0.998650469369492	-0.03545001631882604
0.9935947127550923	-0.03755669359528772
0.9922894338291391	-0.03585975137906638
0.9965850133426416	-0.03686814735290092
0.9943758828303735	-0.03869644150527326
0.9943662367974091	-0.03421402826792751
0.9902974594459789	-0.03616901589284315
0.9882774710977889	-0.0376245656412947
0.988831192756926	-0.03651995364028823
0.987690101975115	-0.0323121464799763
0.9867492119259501	-0.02949630242135142
0.9906273484013374	-0.03359993698122886
0.984023231650859	-0.03491413984735574
0.9828981081635961	-0.03143040149115021
0.9844220076242478	-0.03327959511460463
0.9858160926803393	-0.03302931333600345
0.9865813390719829	-0.03103253432168923
0.985055116913702	-0.0307556155276264
0.9844196525658441	-0.03046840306938413
0.9799354631631253	-0.02868725415167073
0.9797380236735594	-0.02919194303437987
0.9818211290981658	-0.02444554656274709
0.981912174262634	-0.02330897942864306
0.9804875088478167	-0.0236778712878729
0.9830280202871456	-0.02117119428290743
0.9895337383346021	-0.02145523044145812
0.9875890079518513	-0.0240093093187505
0.985679950695748	-0.02717844902043768
0.9855034130777756	-0.0249999972019084
0.9855277554257941	-0.02305247018581178
0.9853244708435047	-0.02263124603546419
0.9908395639077028	-0.02358795135988199
0.987017972078808	-0.02546894812871955
0.988698894190451	-0.02374363593780999
0.9865029596026947	-0.02352618498418789
0.9885384324523159	-0.02250424401799339
0.9867889987251742	-0.02178040994073717
0.9865723968435808	-0.02138145593010422
0.987037481380622	-0.02155609466810617
0.9841151800574107	-0.02306814636982659
0.9904086587353181	-0.01975818467755261
0.9940562179388956	-0.021222779022036
0.9876923822590298	-0.01821511722340882
0.9905988655971433	-0.01445351024181189
0.9903957066239303	-0.01223877846613494
0.9903897066918427	-0.00930238199880185
0.9887183909192214	-0.01012810493991547
0.997158631686661	-0.01283286801860665
0.9957141947784928	-0.01364283295548554
0.9939779313247383	-0.0151790155197347
0.9950366700369547	-0.01487061210712549
0.9955168579628539	-0.01512781515172999
0.9975693355470631	-0.01674684028663467
1.000067910923337	-0.01792945807251524
1.002280793431195	-0.01316391471695047
1.003576810957313	-0.01431423484625493
1.006481687991176	-0.01546849449566337
1.002524942324878	-0.01551159085711767
1.001424790188977	-0.01551355803963978
1.001469164703923	-0.01546655897150569
1.006687166108529	-0.01151674628040995
1.007252582205232	-0.007974940264668677
1.009679551946615	-0.009536979290839595
1.003911427028955	-0.01077739506898837
1.005772130160244	-0.0110678921111894
1.009339409595421	-0.01005200871912106
1.00715631224683	-0.01215703884390248
1.008330607296455	-0.009754241478985006
1.01078121311416	-0.009858926285625107
1.006741795340418	-0.00841162631158259
1.015788891020207	-0.007996967568287104
1.016170763745117	-0.006019487594390381
1.016403184224542	-0.006334758713521938
1.014305338998401	-0.003473932801261651
1.016337060350725	-0.002389936960956006
1.01984867726476	-0.001119718603876466
1.021242278330173	0.001471499340152388
1.021683782665149	0.001766609571208569
1.022302918880811	0.001950759987101531
1.019620008584606	0.002824615508534684
1.021975255179859	0.003367379395994359
1.020098150149414	0.002154871306643022
1.022071528940071	0.007792242925158584
1.017908972855421	0.004836000295214103
1.014785179018888	0.00346879970602027
1.018091497649979	0.007108084853370477
1.018511126996313	0.009456185065528741
1.017085257548453	0.01236562247842017
1.017864607855861	0.01496811637645701
1.022164821230637	0.01435895014161961
1.026239286998952	0.01326398315513865
1.028443693352886	0.0104043627352603
1.018768150294014	0.01091089127854795
1.016232423236181	0.01174259320140799
1.021114526242436	0.008560997306724404
1.021443915623967	0.006033650003512118
1.021567729232375	0.002531707102319429
1.022229204733456	0.001050779400674564
1.0229689410308	0.001000043580784542
1.016203343749044	-0.003820204999365476
1.015674304885131	-0.003290742284319744
1.01567095106468	-0.001633326888872038
1.01717308326282	-0.0009944215302938927
1.018917489711049	0.001357567331592518
1.02215150271077	0.001970840517980007
1.014214903320877	0.003867769001791162
1.01609583679061	0.007991334536100115
1.015889854455906	0.01091641985941539
1.019591139742676	0.0075192482723794
1.019258131554719	0.008595688245182833
1.015494191547364	0.01017681365935754
1.015995487390488	0.01327324093073614
1.01608131042589	0.01716220634266273
1.017094032674741	0.0198116452805374
1.019708363762122	0.01655223751930451
1.019315556448273	0.01322545611059819
1.014245998936342	0.01306118179668677
1.013616553909944	0.0153705057045851
1.011763350660868	0.01140371083122125
1.011676621184063	0.01195209227649578
1.01468202851021	0.01420679202373507
1.017454889948802	0.01556592975527576
1.015625312240996	0.01399435855520959
1.021931849574484	0.01343682365838451
1.017153237162146	0.01648277386232003
1.018170210739054	0.01865748658201797
1.022081866552933	0.01834864046197238
1.022816160086054	0.01825990428287426
1.01852623539227	0.01779007259959276
1.017489618050086	0.01790127749353547
1.018608808190784	0.01416618214454472
1.018284370577029	0.01119058635409263
1.018425117007661	0.01325155607043894
1.022347847507336	0.01122557458497849
1.017615728042413	0.00797658565650234
1.020129984500639	0.006603366062113717
1.019492636608821	0.01018887931011773
1.018028695435437	0.01004355585947489
1.017964191604678	0.01024680598451009
1.017061861076773	0.01280814673254698
1.01246100121603	0.01566745632328949
1.010677878051065	0.01273278001464311
1.018971325454975	0.0153857565793838
1.018773839665325	0.01374337749857801
1.010702123413619	0.01685639553897529
1.013344794849443	0.01945111653822724
1.014899599963839	0.01583876775601732
1.016226411669806	0.01255784814638575
1.021343980477546	0.01395951975587763
1.020488991335563	0.01513048569892481
1.024225112596277	0.0140068838946742
1.024063074231127	0.01589904160431444
1.025644188665215	0.01666864492582435
1.023189511771763	0.01193869521224703
1.020827624699084	0.009919020668320427
1.018097874910259	0.01082174856176146
1.015966865047863	0.01061274110255974
1.02075408342192	0.009422110488302169
1.01834647727016	0.005524810270243557
1.021890928371991	0.002367091806012778
1.017150739823818	0.006375775135231963
1.019364076281517	0.006236098534582657
1.021258670780198	0.004233509976908811
1.026255547993108	0.006272160282024376
1.022195417852769	0.005975686290841083
1.023635246198283	0.008244412634580655
1.023516687297056	0.01006134333844729
1.021231966867339	0.005330178443611415
1.01955526717401	0.00674975482145249
1.018144326612829	0.006163864004989818
1.018850376433581	0.006468129568813446
1.02235886181204	0.009430144076788044
1.025208630588278	0.00946620044803427
1.018021052871469	0.004629446294477107
1.018729384274061	0.005234493119942488
1.022009216248419	0.008614621615939197
1.019447888077833	0.00892693084324102
1.016637580156999	0.005931527790559605
1.013006827318075	0.007552697534090128
1.013329261536121	0.01098503867776522
1.015673892628711	0.01190916173853772
1.01433384733834	0.01460469727552692
1.018432048975042	0.01318358117456579
1.009393788225538	0.01104240564889049
1.009451135221447	0.009899916527839189
1.005456473117752	0.008572363976158162
1.014700669714557	0.006275075680380136
1.014822541748728	0.005651897697896274
1.008518239874203	0.004340959313106654
1.007617845123284	0.00299727783554551
1.009125533600338	0.002267671897515766
1.006130745335377	0.001281192301335901
1.010269140158059	0.001807549692820538
1.0105810315405	0.004559166859459695
1.01067793438451	0.003861562053802466
1.009994991479281	0.001963316941543141
1.011597296080847	0.0004841393879442087
1.010070693562449	0.001504806443813837
1.012540985165486	0.0004581914743071023
1.014269494188458	-0.00129773480522874
1.014356324484451	-0.00031139048680544
1.012677361968122	-0.001905175815271123
1.011651569730649	-0.003388305333914755
1.007184820316796	-0.003999922958502664
1.010480574122059	0.001755904705676528
1.01023394324896	0.004678689713763906
1.014190670734666	0.005574434682532462
1.005083733286869	0.007161686258728113
1.007187013994273	0.009489814695178275
1.005642479054389	0.01234243490704924
1.011186766479151	0.01508808346815854
1.010256470615839	0.01752375026727979
1.012215108897925	0.01650855749548965
1.010875983362839	0.01460375868857985
1.016629819580586	0.01312829451976915
1.015404653991445	0.01372469710381402
1.011934711578274	0.01238630131271642
1.00869080525683	0.00977184162786259
1.009220177795546	0.009904850818886422
1.007218208442861	0.009648110284796424
1.007058844713774	0.009454940666340644
1.003404327635168	0.01532809376706871
1.003198021292854	0.01827074382351839
1.008326058636139	0.01841261356482056
1.009990671849877	0.01476170789617048
1.009465550771863	0.01428749532455584
1.008357657452399	0.01313005456529574
1.005018201843477	0.01938194559565521
1.008267622203436	0.02108836984688881
1.009032831390849	0.02225411064052279
1.011863077718965	0.02178496432008053
1.013736633537702	0.02127361103881299
1.018036615259443	0.01726600501164174
1.01626569086408	0.01499233651314393
1.016685093782549	0.01812495215170339
1.018321504602265	0.01842500357938796
1.013340249501152	0.01648593219106908
1.015652045562707	0.01441207474390596
1.01634108582175	0.01135937878945666
1.011569659431505	0.009447007045424848
1.011954458058107	0.0111168490382651
1.015560102229333	0.009575166886022295
1.015255414034431	0.008309175269158456
1.014949337409349	0.01208732507110714
1.014156220291743	0.01292265654398569
1.015647741362979	0.01437708111750326
1.01192607874186	0.01858563757303352
1.012092336604788	0.01985166982337804
1.013190249806851	0.02267777886582409
1.017927036685764	0.02281614924272594
1.01986171641792	0.0217869636785357
1.015113902760967	0.01854896155607595
1.015009444065557	0.0160109088102511
1.018233551803121	0.01371104979482483
1.020210918880313	0.01526926094833441
1.014160704683281	0.01075991509953784
1.020368719186697	0.009825205534382672
1.022681697639938	0.008298840484990026
1.024807712639021	0.009557394634196524
1.022539765951321	0.01223347118915989
1.025715406129065	0.01424199266571131
1.019653021129796	0.008946175094277881
1.018120668409477	0.00671068155663711
1.022174836118965	0.01069139571423934
1.02097006405213	0.01069915488061304
1.022195943217343	0.01280961410549009
1.015585727943509	0.01430647349602789
1.024378649350701	0.01433519049011592
1.026924797906291	0.0133906845041952
1.029200465472498	0.01379267591054733
1.025779658762634	0.01175413832842226
1.025698639517103	0.01234012674817459
1.021744203333095	0.01450150526990389
1.020076866489822	0.01610663204975361
1.02117291366949	0.01461344246027083
1.019677597217227	0.01680658113672538
1.015069499602101	0.01430951571680146
1.013693443244457	0.01421242697789092
1.011487392533546	0.01400446181121485
1.009087822187033	0.01323739945093749
1.009284274133142	0.01325278154967322
1.014807453343262	0.01167142727748488
1.012300495397701	0.01130805600217082
1.010619117872164	0.00972462191346234
1.008140181497365	0.0105680465845676
1.010007950140626	0.01379010309669793
1.009758093174998	0.01648739730576899
1.011608528470521	0.01375011228488525
1.012032924689949	0.0109938688682475
1.011198573880303	0.01462645196997049
1.011863491685045	0.01745117983238922
1.017967475690429	0.01252569635016269
1.016227472517315	0.01111209629390551
1.011059130326888	0.01105976618969488
1.013017882416513	0.01093398856302853
1.012517541020474	0.01221528842905291
1.015715528369464	0.01162880082299796
1.015510037772791	0.0146222555186934
1.017253085513805	0.0163377151724537
1.006088392319814	0.01596750666785633
1.005261643423194	0.0190745123419124
1.009163831537709	0.02280457052391054
1.009235899939241	0.02106873408083857
1.010393504907219	0.01952137006982748
1.010905469963745	0.01737688918817322
1.006606486927092	0.0164644690695359
1.005450354298646	0.01390575934223398
1.00329150127138	0.01505791952485183
1.003495203463971	0.01306722298133373
1.001243497561723	0.01608291021994625
1.001244437180928	0.0159335287865396
0.9966697650606982	0.01270446866859012
0.994214439428318	0.01662650037295371
0.9983363829217944	0.01094359371649409
1.002151190878694	0.01201315613887726
1.002534223848635	0.01202577370738385
1.000812170257533	0.01130001229905627
0.9993538612769255	0.007384976537345177
1.000140482694333	0.007836655266867837
1.000213930811814	0.007730648720861926
1.002415347178433	0.00501443229314721
0.99922967158954	0.003680863847960588
0.9969046346524427	0.003031175135364576
0.9939679185366781	0.004077547665776018
0.9968460026279392	0.005412397445987226
0.996441442058829	0.008795154444567339
1.001767047046221	0.007764558800270036
0.9948765439764897	0.006392429550169137
1.000642859908955	0.01093233776456961
1.000715454310528	0.01024369428682322
1.006487464705352	0.01283271037764295
1.00578878597478	0.01480999925274123
1.008682677952688	0.01083272132041326
1.01427850566396	0.008071906722494523
1.012794676474954	0.007980798462542625
1.012886148809413	0.007844270115859907
1.013723575021006	0.004481649380287989
1.014733152183842	0.00665694449069187
1.01398897453963	0.005551878117226293
1.014512041529136	0.006546692226036571
1.012832089130244	0.002122730185733425
1.012360117265161	-0.0001358762394089979
1.011619149575573	-0.0005008797629183898
1.010194594822122	-0.0006387417793885907
1.009670977488326	0.0001639142675920208
1.005710605603223	0.0005561967489923042
1.007960951718218	0.001738662614977458
1.00311483564768	-0.004665452194862424
1.003103768961323	-0.007674126517185998
1.005354441219973	-0.005940234109648968
1.003815255378967	-0.005460677990192655
1.003833904039997	-0.005600731562345266
1.008765343491151	-0.006942125677716402
1.006199844313695	-0.006912327250305721
1.002782057133891	-0.005725470737225759
1.011842923935835	-0.004868148698624635
1.012457401003856	-0.008685438192860384
1.013632483928511	-0.009641835010081621
1.020130861881561	-0.008407745033855562
1.0162808402718	-0.01015073737382647
1.015801067497843	-0.01081046020836038
1.014420311822102	-0.01117150942082203
1.012020589603256	-0.01397347118866197
1.009766594398623	-0.0155715268177407
1.011712889512548	-0.01232384163446065
1.014740984896217	-0.01348534573224669
1.012349328414839	-0.01326943480417251
1.012299354161426	-0.01345342367433401
1.011333051610737	-0.01068860593339644
1.005594357963516	-0.01065333683304698
1.004507577809037	-0.007309692589830735
1.007755485710617	-0.01341631382531622
1.006922210139132	-0.01622081384016354
1.005503502959708	-0.01725822307881246
1.004600494458753	-0.01659896387355218
1.010233636452455	-0.01751907507139116
1.003898425514096	-0.01658884983622271
1.003508966044272	-0.01539028954596149
1.003790711976728	-0.01771183945672758
1.005788286781718	-0.0160806695596718
0.9997825637455195	-0.01200054330076886
0.999099067929563	-0.01003276275710033
0.9995397392567164	-0.01357818030820342
0.9982241770257113	-0.01319714900946916
0.9974773277328667	-0.01014779176269229
1.001064579456238	-0.00947766357621197
1.005470900650647	-0.01085808375816277
1.003448231441454	-0.007099602831903084
1.003736441607905	-0.006622749866323782
1.004894367279488	-0.005984155038588682
1.01065848012752	-0.005880257019463776
1.011292609745789	-0.008335134057346484
1.012615062146664	-0.01084145049411376
1.013801370344849	-0.008938595043301238
1.009513787083441	-0.0052175951091882
1.01057541801074	-0.006437288885218124
1.010979443255343	-0.007695032394180499
1.017258937916557	-0.007547042358860199
1.013419259958481	-0.0105585170637348
1.016330791091808	-0.008665184763606816
1.012603862091723	-0.006064836330476429
1.010777132704008	-0.001709366134325434
1.01054164450686	-0.004847504262857651
1.018182218714227	-0.004196199180043931
1.011533165054862	-0.001452862733570737
1.012268126243244	-0.002777341116300067
1.012083800622043	-0.002408690394033841
1.011954125896945	-0.003252964721016858
1.009650827544518	-0.004794314340367463
1.010501523853153	-0.004134810814418422
1.014079813098093	-0.004578907462607099
1.016795842543777	-0.003975645045515792
1.017057041470395	-0.002142801492107765
1.017736781715598	-0.004040808120200997
1.0200821352077	-0.005563856388938737
1.023202304196717	-0.003497934031048263
1.01980218452787	-0.001139742488141389
1.017793083772746	-0.001703814405589958
1.022636628893785	-0.001647115589023189
1.021707153045181	0.000755395483860908
1.026426349893198	0.003700072000194232
1.024441014288189	0.006499613081688931
1.026790772412359	0.003668115866889329
1.028785380093632	0.005869463416470831
1.027912754098651	0.008424821762720303
1.031887749806067	0.004639108156560069
1.027347831761947	0.007250557347538844
1.027190767630822	0.005557786225317567
1.023790126267488	0.005775178172883845
1.030998774659271	0.004496390840724927
1.028057326613115	0.007185120150902259
1.026932616584482	0.003890011631635723
1.024495348098385	0.004736333740428035
1.026008631687517	0.006054402372026771
1.027176149404131	0.004930562299048588
1.030835981583236	0.002132746799553094
1.031385710714048	0.0004145135133478026
1.027888645258141	-0.003511116596346005
1.029726359484695	-0.005920438216968467
1.027059961451757	-0.00308363978812386
1.024324440445526	-0.000955441758635536
1.016072203933531	-0.005242973553205092
1.022414498184137	-0.002804320336970504
1.017642266132945	-0.005949276032245919
1.018718377511785	-0.009019201801438451
1.025396888337804	-0.007599442577193016
1.019063325126867	-0.006468036540677293
1.016553578817859	-0.008684922175077107
1.020206596850018	-0.01218954225171423
1.01596212494401	-0.01009628568445088
1.0155483807623	-0.01195435203119749
1.016898774757625	-0.01183305702273073
1.020409895799334	-0.01526481374387088
1.021115798357425	-0.0158964757869191
1.021250419287272	-0.01406626287542127
1.02242015932416	-0.01692785779675931
1.021117957837071	-0.0193749717840707
0.003742424430106131	0.9642474119439874
0.004638457667304531	0.9557120643664936
0.004865450903726181	0.9593242264066693
0.003700648157823815	0.9586547880582375
0.006778791596433596	0.9656258736905527
0.007764303817830977	0.963926069746586
0.009162420878899725	0.9676023248905696
0.01244581075525208	0.965897955664076
0.01058031739945278	0.9664194582166811
0.009870707016474455	0.969628957534867
0.00907924566062176	0.9703475386154062
0.01007647122314021	0.968396309595322
0.006633030637547598	0.970345941345494
0.008633682619925368	0.9692131979369957
0.01006758424244543	0.9684013412894372
0.005164202512822801	0.9742007672701176
0.001854268621439695	0.9762255565972381
0.002615226632182204	0.9768522244874448
0.002165120464123687	0.975255788321479
0.0014403693898177	0.9741109892939108
-0.002082931071067231	0.9780697834066605
-0.002926874831544825	0.9773548167043762
-0.006520612228061618	0.9759864524993156
-0.008079178496341296	0.9768149118860052
-0.005396670880639945	0.9755983813245904
-0.002709205063991702	0.9755606640129677
-0.0008095239043502626	0.979352988778541
0.001034134478366611	0.9797304025004724
0.001608378783700257	0.9777413871686524
0.001988562026322437	0.9766427000029805
-0.004294834079534593	0.972638257751916
-0.002466482324151624	0.9718825625197579
-0.002443348223439861	0.9697091561791519
-0.001543503789074255	0.9711996618373577
-0.00111877642149843	0.9748679202031634
-0.0007253368411970744	0.9736924648795434
-0.002952203691701676	0.9704248873450888
-0.0002606184190977227	0.9688290340726632
-0.002625388520047783	0.9666531903070006
-0.004759438728401843	0.9586998656916167
-0.003116577175089845	0.9599365652567364
-0.002214494770317336	0.9630520477469076
-0.0002071096985662681	0.9556742166596397
-0.003018269977738156	0.9534961764172235
-0.00439588584620904	0.9578718375739186
-0.0056942212136695	0.9644463684895539
-0.008270289871280491	0.9621158008707197
-0.004692926428174797	0.9607901669705702
-0.005704073719196904	0.9609994125262342
-0.001856522445362806	0.9609866344734574
0.0003208722003616999	0.9606660429825762
-0.002943967493104536	0.9607009304808347
-0.003242765890398625	0.9648192218766087
0.002087046852905848	0.9616861690297309
-0.001814948120551192	0.9595204895016732
0.0001814242504485803	0.9579498655557549
0.003326657299843181	0.9570153089527696
0.005103235009857435	0.9665593592378848
0.005474591431495006	0.9653033322935184
0.004391270950896743	0.9634293201668264
0.004400778763236431	0.9607039634384212
0.008202115112459817	0.9586454015555393
0.009955291309213826	0.9648520436338911
0.009452688257657337	0.9645760765271707
0.01090454000857042	0.964480822628534
0.01031021862798366	0.9644501482003576
0.01021127193526633	0.9679837547244591
0.01469174771046903	0.9687214264492942
0.01007195008211165	0.9658190852488562
0.009436879266335204	0.9663406064061897
0.01202078255017869	0.9687848706816182
0.01217171642206482	0.9711719323603972
0.01743279071565946	0.9637852359668992
0.0163969704127697	0.9676026736153778
0.0189338848514832	0.9707545307488582
0.01512830380200156	0.967308445698124
0.01276803395957819	0.9676698941113112
0.01544150235926433	0.9666519178156441
0.01450328387917213	0.9629413901107194
0.01280390572296461	0.9704270666466955
0.01226490601338336	0.9730138104450037
0.01179522693937935	0.9735730693063767
0.01737572766423071	0.9775456261262194
0.01789437237735046	0.9804822175050754
0.01377632026242006	0.9757992400569453
0.01495307665040313	0.9745245049814968
0.01325434311146472	0.9747712386402531
0.01257602654203569	0.9756303613566144
0.01485047656410215	0.9732575981509498
0.01806743979093488	0.9721099499839836
0.01962743965087733	0.970018955001331
0.01951477988002718	0.9725249558763021
0.01531703548124792	0.9719847935746114
0.0143841959581833	0.9666206415084355
0.01159788246888193	0.9659219600342254
0.01088486356300468	0.9666123753984384
0.009079377691976575	0.9628189136195866
0.005866876755768191	0.9611848520878069
0.003847533046226842	0.9619257846963689
0.00276318306554326	0.9683497480572365
0.004508164186260361	0.9673177609900807
0.006475134797252109	0.9658099671997824
0.002263373696361943	0.9674263219191586
0.001273026543579149	0.9676071933205423
0.001125047693096976	0.9688871238685075
0.002149037882118408	0.9697849344378408
0.001580471896353252	0.9668595438650771
0.004092770283585153	0.9669673530541468
0.001046721957647569	0.9688571357447754
-0.0005494489556820857	0.9670081959859488
0.003570752540818297	0.9653934166208757
0.0002491906244670846	0.9756508211344789
0.0003698169554444612	0.9795271776193467
0.003497531708582611	0.9688403914068296
0.002541187384195575	0.9670921894270916
0.0007308338743511586	0.9669674546895661
0.002071207414955132	0.9687174300740095
0.002653045985927688	0.960001181790238
0.002274570311058976	0.961873303639704
0.0004733894631763315	0.9578026465038904
-0.003466665123137296	0.9594882371154712
-0.003833541523821947	0.959717781606547
-0.001241150785799362	0.9596102195243132
-0.00272792686458045	0.9563564708311741
-0.003899283054003262	0.9568539146145519
-0.002620351332082727	0.9538158957694333
-0.004837522217122956	0.9560150164244806
-0.005363227983891377	0.9531814962549499
-0.003966498417202945	0.9483097868667816
-0.004576742193007297	0.9483731852107045
-0.007807031447848994	0.9446910737080656
-0.007050338547266257	0.9434418376599646
-0.00510821140940095	0.9450019549761539
-0.002815447560390409	0.9463567866550148
-0.003135290282906755	0.9440525686113487
-0.003145615409982153	0.944191375965254
-0.0007055666859350667	0.9436636418810714
-0.001183276669010905	0.9468422831971807
-0.003692056719854275	0.9448328081162475
-0.003461561162950245	0.9385652380135415
-0.00367378472166603	0.9418059001776664
-0.001140103218508722	0.9427239962049213
-0.003297152103658869	0.9480931130095777
-0.001731136061513276	0.9471786423228894
-0.0009322938774029865	0.9508877032096497
0.0006960250738358309	0.949346344437027
-0.0006477006245853943	0.9485573303466829
-0.0004730107196383053	0.9454832936691657
-0.0019555589026473	0.9487414064804316
-0.003030916435319826	0.9495703769502861
-0.001150706322264505	0.9550664162199145
-0.0004027788267416455	0.9556242903782106
0.0001588894007350261	0.9550009249121718
-0.002867495277929042	0.9578943181597833
-0.005659528610999262	0.9610478775264608
-0.002679021578542124	0.9621336992448108
0.0001826717047007968	0.9673730057198006
0.003488019254870662	0.9639763590554522
0.003098370442519611	0.958505869328549
0.001757877037954468	0.9580282341997207
0.002706803390624895	0.9592386415522719
0.004521324013276002	0.9596345317395071
-0.0004980744743860204	0.966621666354023
-0.002511238226070855	0.968392309954856
-0.0008557596255380719	0.9673769395387467
0.002341734268938238	0.9658423365301402
0.00253416741737812	0.9684883423492908
0.005793115078960094	0.9672495304422635
0.005357621515706244	0.9698990905939114
0.006017575200941611	0.9710896802429065
0.003262404601454996	0.9674935800088297
0.003699320037308928	0.9692121939037244
0.005596768766018955	0.9728854880186455
0.004785128325606175	0.9786745469102686
0.006913881531289562	0.9761460138912652
0.006227627101321264	0.9734151210214023
0.005410416098215878	0.9754265338265916
0.007194668763798364	0.975847074636217
0.006916993021160335	0.981058295194262
0.007244353909853607	0.9795759426301566
0.007139220310128919	0.9786445668935559
0.007984243726063206	0.9790156253367882
0.01131192721883092	0.9817106661242015
0.01034803922377308	0.9800277770519918
0.009215937902996669	0.9791272250644343
0.009922343041051591	0.9795679653303305
0.01185054206929542	0.9788549369375107
0.008646885290338694	0.9764266078824836
0.009720606155390658	0.974019285017324
0.008151745315068433	0.9730450577890765
0.006763852746916209	0.9703069665328288
0.003744531659873194	0.9722466466166224
0.004038832764826516	0.9666216873631098
0.005501692321498138	0.9669960167197537
0.009472994786796359	0.9707072960124359
0.00575815710941349	0.9632480916791721
0.006661334137480098	0.962040346298646
0.005035303837589654	0.9608719589192942
0.0040644990190205	0.9634327701011199
0.008170856762537102	0.9645104198049536
0.01114980093318501	0.9640025879623366
0.01094450223782031	0.963780639366581
0.01037716831623995	0.9649005216778601
0.01091407501993738	0.971805273782127
0.01316915272250545	0.9707092771738174
0.01559251533740819	0.9720783925614438
0.01300226362607738	0.9726909926378139
0.01321095670433451	0.9721897573508681
0.01703879237977452	0.969344690602181
0.01653614463359603	0.9694219878968281
0.01680860126096514	0.9703258647837139
0.01530199874926771	0.9738693318870113
0.01393891235919154	0.969094804221652
0.01357299914768316	0.9707562746010195
0.01491191265080705	0.9772546212423824
0.01889273842952188	0.9766623728443515
0.01643659625048665	0.9773021076391348
0.01379228016970309	0.9763315266101396
0.01429014823489238	0.9766462887208338
0.01288769131634657	0.9758846623107439
0.01363837284526866	0.9823809890540168
0.01719761300576723	0.9827839557508246
0.01658222322878402	0.9845104875727039
0.01572626305108677	0.988791244547254
0.01972677414379679	0.9788797712078886
0.01844215127549268	0.9751663770593194
0.01446122054773352	0.9779001273446367
0.01699915901025636	0.9808520437396259
0.01871111767220057	0.9836880340034752
0.01543332539960687	0.9842709111059194
0.01289339505520104	0.9854176627415486
0.01511373763350788	0.9870465357408197
0.01369397317090008	0.9876712419569398
0.01825952118080324	0.987190898380481
0.02055141265378098	0.9837459904768578
0.01502933297468355	0.9877031053666951
0.01548986826195693	0.9903417403340792
0.01748369562319246	0.9897409539284191
0.01737523618121473	0.9938418140435694
0.02187622018400773	0.994857341803526
0.02290089837924834	0.9994442239570213
0.02651052098594192	0.9997559020377266
0.0270670230238713	0.9992743006589314
0.03019123810053687	1.002847073400469
0.02948428823883659	1.005557096293977
0.02749587003765675	1.003584738505057
0.02578381399926772	0.9978448523998569
0.02293530929365528	0.9999093761293787
0.02511718491650558	1.000498954021399
0.02314427282283476	1.002735664686967
0.02102572717703396	1.000708779175954
0.02601752783117601	1.002979707303854
0.02352809859270327	1.003038929771349
0.02064018284082531	1.001951615085055
0.01901777514234872	1.005761229357756
0.01988952062541462	0.9992061590202532
0.02219086218195692	0.9973185146046707
0.02034854233923398	0.9939975470806215
0.01870981554978197	0.9971355173026242
0.01967473156385491	0.9979937309567232
0.01735845111391544	0.9974280138758443
0.01472919684220595	0.9971644484648742
0.01670897733334455	1.000209914642186
0.01108257330318735	0.993568006242924
0.01395082924830051	1.001169279773192
0.01389713890916212	1.003897598437276
0.01459487734252392	1.000207305763324
0.01550792663168075	0.9936079621645404
0.01620924660769846	0.9944629081719093
0.01268525430823486	0.9924685092289092
0.01317091560634033	0.9960737849801317
0.0168707867007061	0.9969136994941089
0.0192154712720348	0.9968402351510625
0.01636647675900263	0.9953047347442366
0.01732109586060499	1.002966156737647
0.02127481882406285	0.9934733650147985
0.02358216502094823	0.9944229121599942
0.0243426019215627	0.994484394602718
0.02054801928439721	0.9924931711227573
0.01789013839517141	0.9905488281869319
0.01646705808800996	0.9971188332583385
0.01542553766569276	0.9963285364058976
0.01541786839638592	0.9974158170328337
0.01850050408487482	1.002465536254117
0.01975516856339921	1.000443062572667
0.0174844761486086	0.9975525376055149
0.01625676096588649	0.9933854122431801
0.01541788893474688	0.9956168471104915
0.01720827760146101	0.9921795223183719
0.01789913401556057	0.9922725622260745
0.01698329057162993	0.991644552918255
0.02054873437754859	0.9876215465309232
0.02069377939799272	0.9919488425361597
0.01983763686715602	0.9907342131761607
0.0216800026345299	0.9899142334830148
0.01964641824809786	0.9909673933107508
0.01671916611623657	0.9918869155896656
0.01418452072696049	0.9895318023466523
0.009957983470623906	0.9935280534626775
0.008948486251760741	0.990383662078773
0.01019371513888667	0.9898925230672734
0.01199136490938435	0.9976449858507789
0.01366059251007541	0.998862302046616
0.01378605677213511	1.005426448227141
0.01434854463647463	1.005081442395048
0.01300487638752573	1.002075622637535
0.00906139077487305	1.003209666351108
0.00665379418581461	1.003126784507026
0.004940898681522085	1.003988152586058
0.004021127098085939	1.00163991950147
0.009253095047247931	1.009410795834062
0.008325718064847967	1.007401143354566
0.006803581339977169	1.003772280830233
0.003375384417782283	1.00480188448533
0.002022661516889924	1.007073253552098
0.001288741000160237	1.009906854423532
-0.001109497236930024	1.004101118616436
-0.00517801626554342	1.006008418050475
-0.006020251962437743	1.004446731918077
-0.002826656346020115	1.007484134204781
-0.0006149943765448803	1.010851560188164
-0.004490368487824151	1.011639148350232
-0.002776991244260607	1.01169741039905
-0.002443673429860186	1.00971468245799
-0.002235456677673922	1.004165890701378
-0.003058359182386316	1.006121667254142
-0.006159838642294903	1.002756657040479
-0.003966043599032095	1.002945876958669
-0.005831919130331275	1.004985251051846
-0.0009205235777353812	1.003705423387533
-6.351603784791329e-05	1.001263648543507
-0.001381007338715375	1.002331904494527
0.0004617166878693499	1.006135633287708
-0.002837754123320853	0.9993619371499074
-0.005301741388557714	0.9982243565769728
-0.003144828798267398	1.000922290500623
-0.001918294000462701	0.9988392927787696
-0.001620826768821876	1.003154388227481
-0.001114099350438847	1.002824715018363
-0.0003224815680133559	1.001190423312341
-0.002632423555076155	0.9985752941893735
0.0001218174532048625	0.9991115598528646
0.001307974387874041	1.000910413864355
0.004145375531203138	1.002931828922006
0.002175102624066235	0.9985663844753484
0.001234973171084346	0.9995059263810867
0.0009728849935968905	0.9985164131153949
-0.0007266454050053048	0.9981200714886649
0.00112338364921246	0.9922424240788256
-0.001566358950209651	0.9954306606293928
-0.003534750227212313	0.9978455250395292
-0.001599174789937987	0.9949890760811108
-0.004844327557516141	0.9915383880354676
-0.008011378029503051	0.9894279811882994
-0.01138293311493442	0.9904158294353569
-0.009620133782417904	0.9895065272601246
-0.009510666371260542	0.9880273176996984
-0.01174057529295999	0.9878848013464827
-0.01049742866664633	0.9860280861891433
-0.01142280713302907	0.9886654012604201
-0.006351155238263493	0.9880760011576075
-0.005583114753525588	0.9855873274982587
-0.006781457996659771	0.9840883851978051
-0.007470678467425799	0.9860371107626322
-0.00880811849795138	0.982782880125683
-0.006452361130541667	0.9823994586103121
-0.003426219342421967	0.9825158890095367
-0.0031664914350525	0.9775359217001341
-0.0002233890422270872	0.9789012998285417
-0.003639649161521931	0.979388991880108
-0.004483939583741686	0.980291578501949
-0.002465766166328307	0.9825756296957974
0.0003816494568017305	0.9810800725367783
0.001256295120044909	0.9812143023896615
0.0009866125437477276	0.980094123863765
9.749237747338481e-05	0.979947100932577
0.0006623573626140969	0.9792627509481171
-0.005089251312189014	0.9753639587404501
-0.005191874045243538	0.9781070535098827
-0.005606119560935089	0.9801147050060851
-0.006720030481747866	0.986559992943426
-0.007497782148773892	0.9858411566055311
-0.004331104478645762	0.9837239991603142
-0.005985312144837202	0.9833084137159573
-0.009651462119738967	0.9828491616660343
-0.01249386452026534	0.9841738421670153
-0.01073047746540848	0.9865680450086102
-0.01324548868704552	0.9778636765466028
-0.01226843659588741	0.9805742615725267
-0.01497301858590733	0.9808631318482167
-0.0159461607307938	0.980801758914624
-0.01637788944136209	0.9825412322135149
-0.01621937088487187	0.9831950959621518
-0.01605824755720806	0.9832251125071212
-0.01493431516799694	0.9816738268522168
-0.02032107863154249	0.9850857969693196
-0.02381669564415423	0.9820598011797177
-0.02275805097025922	0.9868804866745347
-0.01896278174181509	0.9875866303367168
-0.02209332904261329	0.9940671020852329
-0.02473173674150882	0.9926659410773019
-0.02568175645459351	0.9963495172989508
-0.02438806580153913	0.9950767048554845
-0.02345767799137777	0.9985378826280321
-0.02285889211129952	0.9953364040506185
-0.02414872594714792	0.9928015470733076
-0.02676589932478884	0.9931689881960496
-0.02465273095398285	0.9988742419478951
-0.02394168073885763	0.9968585196772617
-0.02003989914744079	1.000782069489133
-0.01820245651969732	0.9993562094423465
-0.01818233245992007	0.9959265880443732
-0.01828279096463384	0.9995071524026291
-0.01809835559465957	1.006210888291132
-0.01647506627715936	0.9973469718032083
-0.01485114301312715	0.9962721811747788
-0.01594032142046874	0.9935591022818702
-0.0114388479698859	0.9948663702312092
-0.007974769459873058	0.9987879101969337
-0.004431466247722647	0.9952645580607896
-0.003959749970272079	0.9904692790090396
-0.0007381573737280743	0.9927899753143248
-0.00153487464852034	0.9954916080513661
-0.00361094319066285	0.9909185125971138
0.0001133513767425688	0.990012833915592
-0.0006822418793474089	0.9938220375941169
0.0006150363465363527	0.9989887147590811
0.003475050386719614	0.9995900576212331
0.002390038290537886	0.9963037756840264
0.004831234385150034	0.9996473465066613
0.008847013561043993	0.9976363149910613
0.009778732161986953	0.9992029995862628
0.01005093238264426	0.9984651030884719
0.009257220366302313	0.9948208945447613
0.009678408849129004	0.9936538371125337
0.01072634233844285	0.9947771274935949
0.01175718469358688	0.9978910932204953
0.01160935581871736	0.9980942880722707
0.01548261272979505	0.9954726351405495
0.01391151853932186	1.003949397764927
0.009339808453743622	1.000128547007288
0.01141431671725614	0.999031347456902
0.01000666558022369	0.9952111242279944
0.01094880635934588	0.9983753710832142
0.01169489193595165	0.9961520351517198
0.008518077306526598	0.9935629093791212
0.01382735197976544	0.9980357681421957
0.0154032413357686	0.9967114750075381
0.01343639166274341	0.9929134296600745
0.009543801690510093	0.9938319161538969
0.00590398828392703	0.9899975328882087
0.006659929443254771	0.9903274899717361
0.009274141033173776	0.991708567105222
0.008785692337096928	0.9920556237882083
0.00489219256375901	0.9875682539940664
0.005907461750358826	0.9905133715865929
0.002713227189227225	0.9879033624950503
0.00320330187323387	0.9887698422561929
0.00669673286838587	0.988065109770292
0.002178189471418194	0.9971613479411509
0.001953724695625689	0.9969100717439152
0.001228162874987441	0.9973475813404787
0.002905742931595028	0.9969739587705848
0.001293841238966855	0.9934583543697934
-0.001734455706777022	0.9957907352008316
-0.0001510175242470792	0.9982380201617903
0.002162309903914388	0.9954971928555407
0.005210967821113906	0.9957294074130821
0.003637472286608348	0.9939723475484222
0.0007239735943884	0.9935327942183573
0.00272598178257149	0.9941474616844221
0.001499042485871781	0.9957361542820033
0.005040823263662753	0.9925097974706787
0.002849135781250573	0.9922687099142307
0.002964487209071419	0.9987248921528525
0.00609301207166314	0.9980619380649749
0.007434891206488255	0.9947588529577424
0.003327464968699258	0.9972281782997611
0.0004965242752460258	1.002846178233937
-0.0004454462632771262	1.000062893909901
-0.001038956146429553	0.9997956611045715
-0.0005818607942171098	1.000304671314691
-0.00211805203026026	1.004998735749322
-0.002114908262709837	1.004759812770785
-0.003378027139512324	1.003753317935649
-0.006345269948071528	1.003083282134781
-0.004452898452001654	1.004720262675512
-0.002822768490156112	1.00588835227355
-0.00279592995919311	1.008340242407851
0.0004483581112912537	1.009856631343648
0.003910981692872231	1.006517048785196
0.007288494540623892	1.004158575222546
0.00954035417717569	1.002254576427175
0.01128678650781584	0.9999534906300388
0.008316143298339384	0.9993544395546169
0.005915676601160915	1.003191218825456
0.007327984095077436	1.002815363149685
0.01063709877923166	1.002151203326954
0.009743411775929134	0.9981160843830633
0.007334076682290819	0.9992714774766002
0.006947153224279768	0.9996554448918158
0.002708515676913992	1.00008342827287
0.004173921187260061	1.001325410884403
0.003562166538104494	1.004956407870197
0.007999512102089421	1.00478120098626
0.007061646455852597	1.003812516395427
0.007014953715639271	0.9971058659759975
0.003736408655223255	0.9977667172000848
0.005646904488491425	0.9928980962896105
0.004989007175236626	0.9961916946460654
0.004544402029285288	0.9963888269975815
0.0005934209103913295	0.9958895755020755
0.005480932291634915	0.9874749336951943
0.005763581822467985	0.9856955694673741
0.003999555059610038	0.9834086312868685
3.310760215193821e-05	0.9879183327014736
-0.00253259058574308	0.986952160056447
-0.002589515123618378	0.9902031672526478
-0.0004075636674528964	0.987066527486849
-0.000509485299922635	0.9867910010825368
-0.005820778083084603	0.9813445814976302
-0.007124702836907644	0.9794590942694235
-0.01167443966463842	0.9768241083486499
-0.008572378602734772	0.9820847651724265
-0.007192704417223424	0.9804404553094961
-0.007845518661339318	0.9765525844528373
-0.01117397203647946	0.9729348154099001
-0.0142152574266771	0.9758597788222022
-0.01752594447021397	0.9756343056058585
-0.01652350828599113	0.976745014823957
-0.01829032911314188	0.9804471919758467
-0.0200809940084336	0.9783767888854793
-0.02346467348490235	0.9817532932154683
-0.0241097096933847	0.9813286018086417
-0.02338546519991436	0.9887158929284153
-0.02029575729464555	0.9878971368193499
-0.01991295683859073	0.9842781005080368
-0.02175683149465903	0.9861702687443011
-0.02275868092734112	0.9834917022600824
-0.01838650836092754	0.9848534854556432
-0.01938696943072645	0.9827234987621258
-0.01887935670912851	0.9790649294004624
-0.02174803248183866	0.9772643932030062
-0.02304746107950664	0.9762043289706226
-0.02197234779226251	0.9759300863907237
-0.02662092052035519	0.9775595810974892
-0.02841648733641301	0.9782141996848622
-0.02832357367264066	0.9808903944383
-0.03064820614224417	0.9796460981017375
-0.03277812016138332	0.9789790150873404
-0.03318323813694509	0.9838014521716641
-0.03641224095685621	0.9840883340384686
-0.03521815779210882	0.9799144030641151
-0.03545001631882603	0.9797212120464374
-0.0375566935952877	0.9769628093688016
-0.03585975137906638	0.9797990617460824
-0.03686814735290091	0.9766008273653232
-0.03869644150527324	0.9855267720368835
-0.0342140282679275	0.98725323222914
-0.03616901589284315	0.9819149299345523
-0.0376245656412947	0.9855012899641582
-0.03651995364028822	0.9843015506059062
-0.03231214647997629	0.9910267121841774
-0.02949630242135142	0.9919676022333422
-0.03359993698122886	0.9959036250499902
-0.03491413984735572	0.9956404851633005
-0.03143040149115022	0.9980310953762274
-0.03327959511460461	0.9980735675969915
-0.03302931333600344	0.9913785975851479
-0.03103253432168922	1.001498306945717
-0.03075561552762639	1.003670546803113
-0.03046840306938412	1.004367958053626
-0.02868725415167072	0.997967191704132
-0.02919194303437986	0.9981646311936979
-0.02444554656274709	1.006320463822189
-0.02330897942864306	1.003539153170995
-0.0236778712878729	1.004963818585812
-0.02117119428290743	1.001777289447368
-0.02145523044145812	1.00213882803708
-0.02400930931875048	1.003136655764963
-0.02717844902043767	1.005045713021066
-0.0249999972019084	1.004576232939924
-0.02305247018581178	1.006118262273321
-0.02263124603546418	1.004144555705168
-0.02358795135988198	1.006443621933006
-0.02546894812871955	1.009645744735352
-0.02374363593780998	1.009062167756452
-0.02352618498418788	1.004364297034474
-0.02250424401799339	1.009196080822021
-0.02178040994073716	1.008733125168632
-0.02138145593010422	1.007232912890933
-0.02155609466810617	1.006767828353892
-0.02306814636982659	1.008097209323121
-0.01975818467755261	1.014281606751408
-0.021222779022036	1.011280065246946
-0.01821511722340883	1.005227971723272
-0.01445351024181189	1.014737417588698
-0.01223877846613495	1.012763585411468
-0.009302381998801852	1.018070470299308
-0.01012810493991546	1.018148865717947
-0.01283286801860665	1.02059358070272
-0.01364283295548554	1.015206159203809
-0.0151790155197347	1.016942422657563
-0.01487061210712549	1.016795188370126
-0.01512781515173	1.016315000444226
-0.01674684028663467	1.01643951401046
-0.01792945807251525	1.012409965182858
-0.01316391471695049	1.021082038427213
-0.01431423484625494	1.018688675768352
-0.01546849449566338	1.015137781035374
-0.01551159085711768	1.017997181568927
-0.0155135580396398	1.019716802731378
-0.0154665589715057	1.017433490163334
-0.01151674628040996	1.02310044451094
-0.007974940264668684	1.019906709830167
-0.0095369792908396	1.01621425336312
-0.01077739506898838	1.016398307484319
-0.0110678921111894	1.014537604353031
-0.01005200871912106	1.011616342616969
-0.01215703884390249	1.014896785098303
-0.009754241478985024	1.013076472349563
-0.009858926285625121	1.0128028576823
-0.008411626311582598	1.009975018818875
-0.007996967568287104	1.007644737298378
-0.006019487594390385	1.00573189112214
-0.006334758713521943	1.016384426394928
-0.003473932801261651	1.018482271621069
-0.002389936960956014	1.016450550268744
-0.001119718603876469	1.012938933354709
0.001471499340152386	1.013076305740624
0.001766609571208563	1.010457810255206
0.001950759987101529	1.014042213862553
0.002824615508534678	1.017344593185306
0.003367379395994356	1.014343328890938
0.002154871306643019	1.014689460470056
0.007792242925158581	1.019432895838691
0.004836000295214102	1.014214920949889
0.003468799706020268	1.01562190062713
0.007108084853370476	1.021722661642056
0.009456185065528739	1.018639315481563
0.01236562247842017	1.022578459265706
0.014968116376457	1.021825657630865
0.0143589501416196	1.01707411682246
0.01326398315513865	1.012999651054145
0.01040436273526029	1.013485510186937
0.01091089127854795	1.010683177139615
0.01174259320140799	1.015909169684173
0.008560997306724402	1.007956270217741
0.006033650003512114	1.007591482606122
0.002531707102319425	1.01212253625435
0.001050779400674564	1.009868140399288
0.001000043580784538	1.014429289057696
-0.003820204999365477	1.008778957135911
-0.003290742284319745	1.011936314583896
-0.001633326888872041	1.011939668404347
-0.0009944215302938948	1.010437536206207
0.001357567331592515	1.01957808551019
0.001970840517980004	1.016990090209584
0.003867769001791161	1.012475362165849
0.007991334536100115	1.019939561439479
0.01091641985941539	1.01796855262374
0.007519248272379399	1.025152223089182
0.008595688245182833	1.022794965790414
0.01017681365935754	1.02235536597476
0.01327324093073614	1.024093008184734
0.01716220634266273	1.024007185149331
0.0198116452805374	1.022994462900481
0.01655223751930451	1.031265087565311
0.01322545611059819	1.030064974525178
0.01306118179668677	1.035134532037109
0.0153705057045851	1.028595835470587
0.01140371083122125	1.02935169358692
0.01195209227649578	1.032128688550451
0.01420679202373507	1.028503812197755
0.01556592975527577	1.031031835714915
0.01399435855520959	1.020383537316527
0.01343682365838451	1.020908858390118
0.01648277386232003	1.016342338059093
0.01865748658201798	1.016891736163602
0.01834864046197238	1.013431407783351
0.01825990428287426	1.012077645223681
0.01779007259959275	1.015748100890916
0.01790127749353548	1.011200647436641
0.01416618214454472	1.009435439596827
0.01119058635409263	1.011936868361025
0.01325155607043893	1.010229750248977
0.0112255745849785	1.014121179041337
0.007976585656502333	1.006401971072632
0.006603366062113722	1.010781519924141
0.01018887931011774	1.012064885515073
0.01004355585947489	1.011962455007042
0.0102468059845101	1.012026958837801
0.01280814673254698	1.014495661047121
0.01566745632328949	1.01220271559813
0.01273278001464311	1.013985838763095
0.0153857565793838	1.016577347111398
0.01374337749857802	1.018305806352375
0.01685639553897528	1.017032389860718
0.01945111653822725	1.014389718424894
0.01583876775601731	1.011118099151206
0.01255784814638575	1.012030225498336
0.01395951975587763	1.012496727487057
0.01513048569892482	1.013325167956474
0.01400688389467421	1.021093471474521
0.01589904160431444	1.015954624883918
0.01666864492582435	1.014435457352485
0.01193869521224704	1.011306063449477
0.009919020668320431	1.013667950522156
0.01082174856176147	1.016362302080893
0.01061274110255974	1.008254373890191
0.009422110488302174	1.006095474100205
0.005524810270243557	1.002582726269663
0.002367091806012774	1.005932080477568
0.006375775135231971	0.9997873132735282
0.00623609853458266	0.9997509679662713
0.004233509976908813	0.9969448690428118
0.006272160282024382	1.003452416608662
0.005975686290841077	1.000680688341921
0.008244412634580657	1.003895727253046
0.01006134333844728	1.004014286154272
0.005330178443611411	0.9947945818052278
0.006749754821452487	0.9958518124720078
0.00616386400498981	1.002563637988941
0.006468129568813445	1.002503605867304
0.009430144076788041	1.000092465621588
0.009466200448034267	0.9994816348984483
0.004629446294477103	0.9942532834117166
0.005234493119942485	0.9950759254604529
0.008614621615939191	0.9977164474683954
0.008926930843241017	0.9943574216566806
0.005931527790559607	0.9982650747102579
0.007552697534090121	1.001895827549182
0.01098503867776521	0.9989096765169762
0.01190916173853772	1.001865930380139
0.01460469727552692	1.000967037617412
0.01318358117456579	1.009320163414339
0.0110424056488905	1.008951344517825
0.009899916527839191	1.015725855928996
0.008572363976158166	1.007304588829151
0.006275075680380134	1.008299330285443
0.005651897697896271	1.008212856481361
0.004340959313106653	1.008596804373584
0.002997277835545515	1.010143216823619
0.002267671897515768	1.015467386753644
0.001281192301335901	1.011594918381437
0.001807549692820537	1.008102541257871
0.004559166859459695	1.018675605627642
0.003861562053802477	1.020109676234959
0.001963316941543143	1.012978459848153
0.0004841393879442069	1.013588544627117
0.001504806443813837	1.014168244490648
0.0004581914743071041	1.011697952887611
-0.001297734805228742	1.012633160678799
-0.000311390486805441	1.00473217109077
-0.001905175815271124	1.007977505288515
-0.003388305333914755	1.008357279826874
-0.003999922958502666	1.005930223930991
0.001755904705676528	1.012422080745198
0.004678689713763898	1.012730658520952
0.005574434682532456	1.008322603601617
0.007161686258728111	1.009615381757379
0.009489814695178272	1.014379357687143
0.01234243490704923	1.009056635989859
0.01508808346815854	1.010406153874831
0.01752375026727978	1.004504591331064
0.01650855749548964	1.003457457473756
0.01460375868857985	1.00307976884955
0.01312829451976915	1.005759560950388
0.01372469710381402	1.004807735389086
0.01238630131271642	0.9973927220500454
0.00977184162786259	0.9999906106723735
0.009904850818886417	1.006328494770826
0.00964811028479642	1.001613649964219
0.009454940666340643	1.001711066790651
0.01532809376706871	0.9997815130727965
0.01827074382351839	1.000049766317766
0.01841261356482056	0.9949217289744802
0.01476170789617048	0.9932571157607426
0.01428749532455584	0.9884813518830043
0.01313005456529574	0.9911202186537952
0.01938194559565521	0.9846720636432482
0.02108836984688882	0.9836615813363868
0.0222541106405228	0.981799027016231
0.02178496432008053	0.9794201081217436
0.02127361103881299	0.9769270832764574
0.01726600501164174	0.9768306413777254
0.01499233651314392	0.9776281144456552
0.0181249521517034	0.9827927823236464
0.01842500357938797	0.983395309557027
0.01648593219106908	0.9815093080209724
0.01441207474390596	0.9860293703664968
0.01135937878945667	0.9837474097534714
0.00944700704542485	0.9885188361437165
0.0111168490382651	0.9940543914994151
0.009575166886022298	0.9910682163547383
0.008309175269158456	0.9844790992399056
0.01208732507110715	0.9847851758649875
0.01292265654398568	0.9849322752834792
0.01437708111750326	0.9861044710264019
0.01858563757303351	0.9826579920546001
0.01985166982337804	0.9840581058730888
0.0226777788658241	0.9787566528480172
0.02281614924272593	0.9786747332257412
0.02178696367853569	0.9789524428741156
0.01854896155607594	0.9794967167080597
0.0160109088102511	0.9780702019521426
0.01371104979482483	0.9817398995243133
0.01526926094833441	0.9797625324471205
0.01075991509953785	0.973396817440613
0.009825205534382675	0.972489687892949
0.008298840484990038	0.9701767094397087
0.009557394634196531	0.9764843227592093
0.0122334711891599	0.9778407650221301
0.01424199266571132	0.9751164522780148
0.00894617509427789	0.970939899224186
0.006710681556637117	0.9751625174312314
0.01069139571423935	0.9680375532615663
0.01069915488061305	0.9677113518770732
0.01280961410549009	0.9789014019154008
0.01430647349602789	0.9786178118795007
0.01433519049011591	0.9800638285254061
0.0133906845041952	0.977491131297249
0.01379267591054734	0.9854544017841391
0.01175413832842227	0.9877778633612603
0.01234012674817459	0.9868854312793574
0.01450150526990389	0.9866363276403569
0.01610663204975362	0.9876841954570814
0.01461344246027084	0.9937562898703327
0.01680658113672538	0.9952162080925077
0.01430951571680145	0.9942402349111739
0.01421242697789092	0.9956162912688179
0.01400446181121486	0.9931674747230909
0.0132373994509375	0.9970980185209318
0.01325278154967323	0.9975210356013714
0.01167142727748489	0.9979182103735518
0.01130805600217083	0.996221628496104
0.00972462191346235	0.9957260148711982
0.01056804658456761	0.9964881370867051
0.01379010309669794	0.9992752357000814
0.016487397305769	0.9994631457630546
0.01375011228488526	0.9987100556002753
0.01099386886824751	0.9982856593808476
0.01462645196997049	0.9997394792170415
0.01745117983238923	0.9963842959255745
0.01252569635016271	1.000519249973287
0.01111209629390553	1.004471642526932
0.01105976618969489	1.002772728080191
0.01093398856302854	1.003052914043663
0.01221528842905292	1.003553255439703
0.01162880082299796	1.001948188444695
0.01462225551869342	0.9968527940856161
0.0163377151724537	0.995047799441947
0.01596750666785634	0.9953275368837252
0.01907451234191241	0.9987826043644161
0.02280457052391054	1.000800770232203
0.02106873408083857	1.000082684131555
0.01952137006982749	0.9936241942078248
0.01737688918817323	0.9931476273813876
0.01646446906953591	0.9961811236923763
0.01390575934223398	0.9917531855243631
0.01505791952485183	0.992319118197646
0.01306722298133375	0.9921154160050547
0.01608291021994626	0.9937211042081885
0.01593352878653961	0.995286536270399
0.01270446866859012	0.9920470490985935
0.01662650037295371	0.9934050295982305
0.0109435937164941	1.000168041856967
0.01201315613887726	0.9963532339000669
0.01202577370738385	0.9966162186292407
0.01130001229905627	1.001028537707069
0.007384976537345178	0.9916018909354636
0.007836655266867833	0.9923462429693835
0.007730648720861926	0.9922727948519027
0.00501443229314721	0.9894519094587351
0.003680863847960588	0.9867172310653272
0.003031175135364581	0.9890776662325131
0.004077547665776018	0.987810842525269
0.005412397445987227	0.9917646168410875
0.008795154444567339	0.9911957260827641
0.007764558800270036	0.9875869352546637
0.006392429550169137	0.9873092967314751
0.0109323377645696	0.9939589100025499
0.01024369428682322	0.9923553421496495
0.01283271037764295	0.9918842167105768
0.01480999925274123	0.9856890901314143
0.01083272132041326	0.9827951981535065
0.008071906722494519	0.9840931757519692
0.007980798462542623	0.980276119985223
0.007844270115859907	0.9801227007481091
0.004481649380287989	0.989072885155985
0.006656944490691868	0.9874172902940339
0.005551878117226293	0.986568547584263
0.006546692226036572	0.9860454805947571
0.002122730185733424	0.9866280878609064
-0.0001358762394089959	0.9917549269826262
-0.00050087976291839	0.9918764256456659
-0.0006387417793885907	0.991584166239825
0.0001639142675920213	0.9911608809187537
0.0005561967489923003	0.9904663855472192
0.001738662614977459	0.989808959786207
-0.004665452194862425	0.9848674652372752
-0.007674126517185993	0.9895333991802697
-0.005940234109648959	0.9888490986030359
-0.005460677990192659	0.9857334171874045
-0.005600731562345262	0.9857767154290296
-0.006942125677716404	0.9850488158008848
-0.006912327250305725	0.9834107751553314
-0.005725470737225759	0.9852356419811533
-0.004868148698624636	0.9886526512854036
-0.008685438192860386	0.9886841919164978
-0.009641835010081616	0.9859781355405158
-0.008407745033855555	0.9892673682069351
-0.01015073737382647	0.9924713721175806
-0.01081046020836037	0.9914201714402102
-0.01117150942082202	0.9910841129566594
-0.01397347118866197	0.9875634811932043
-0.01557152681774069	0.9898174763978375
-0.01232384163446064	0.9867738361511686
-0.01348534573224668	0.9863740593515702
-0.01326943480417251	0.9841108485763118
-0.01345342367433401	0.9841608228297242
-0.01068860593339645	0.9866580988317405
-0.01065333683304698	0.9870959075232089
-0.007309692589830735	0.9908110062617592
-0.01341631382531622	0.987563098360179
-0.01622081384016353	0.9910246925157347
-0.01725822307881246	0.9913460545624152
-0.01659896387355217	0.9900720719129276
-0.01751907507139115	0.9886424697422351
-0.0165888498362227	0.9871635213885585
-0.01539028954596147	0.9875529808583821
-0.01771183945672757	0.9770322968728289
-0.01608066955967179	0.9766276424218212
-0.01200054330076885	0.9770492946615598
-0.01003276275710032	0.9777947373801709
-0.01357818030820341	0.9675664554335486
-0.01319714900946915	0.968262548638005
-0.01014779176269229	0.9699828492582832
-0.009477663576211964	0.9646787833756202
-0.01085808375816275	0.9661928161635124
-0.007099602831903076	0.9588084057266869
-0.006622749866323777	0.960086567241652
-0.005984155038588676	0.9547251017470603
-0.005880257019463762	0.9557928473061081
-0.008335134057346474	0.9551587176878382
-0.01084145049411376	0.9549336104197074
-0.008938595043301224	0.9537473022215216
-0.005217595109188199	0.9527340005271779
-0.006437288885218115	0.9505750244671352
-0.007695032394180494	0.9501709992225319
-0.00754704235886019	0.9523251328799024
-0.01055851706373479	0.9492975542008099
-0.008665184763606806	0.9557931027135012
-0.006064836330476422	0.9568917131295154
-0.001709366134325421	0.9612317168535138
-0.004847504262857645	0.9599008333692455
-0.004196199180043924	0.9616673388078962
-0.001452862733570724	0.9559004632637218
-0.002777341116300054	0.9545194843762246
-0.00240869039403383	0.9562701816788421
-0.003252964721016851	0.9557538387048247
-0.004794314340367452	0.9482695264377823
-0.004134810814418412	0.9480648478282623
-0.004578907462607092	0.9497874435390746
-0.003975645045515785	0.9497616795801163
-0.002142801492107755	0.9495004806534981
-0.004040808120201002	0.9461304749215693
-0.00556385638893875	0.9437851214294671
-0.003497934031048272	0.9400454834139017
-0.001139742488141401	0.9428261340562002
-0.001703814405589962	0.9457467392361026
-0.001647115589023179	0.9426200082743553
0.0007553954838609187	0.9367176257158805
0.003700072000194245	0.9388922341775974
0.006499613081688943	0.9408775697826072
0.003668115866889336	0.9391738293575519
0.005869463416470828	0.9356482482249516
0.008424821762720316	0.9365208742199325
0.004639108156560072	0.9378467634682683
0.007250557347538849	0.9299707523088484
0.00555778622531758	0.9301278164399738
0.005775178172883851	0.9339797852369364
0.004496390840724937	0.9334879510044451
0.007185120150902263	0.9375267441833439
0.003890011631635721	0.9386514542119773
0.004736333740428041	0.9404427049989595
0.006054402372026785	0.9395488904363761
0.004930562299048598	0.9396468594454257
0.002132746799553103	0.9386153458503921
0.0004145135133478088	0.9369682715868364
-0.003511116596345998	0.9358104697861055
-0.005920438216968461	0.9349462068869862
-0.00308363978812385	0.9358957907606312
-0.0009554417586355291	0.9364543206164208
-0.005242973553205087	0.9338216013762031
-0.002804320336970491	0.9398952363291365
-0.005949276032245912	0.9378356099732498
-0.009019201801438444	0.938998436647506
-0.007599442577193005	0.9421075364409562
-0.006468036540677283	0.9415472943421584
-0.0086849221750771	0.945154385783911
-0.01218954225171422	0.9483951730614857
-0.01009628568445088	0.9402237157639539
-0.01195435203119749	0.9412834776447795
-0.01183305702273072	0.9415260040034368
-0.01526481374387088	0.9433157679174795
-0.01589647578691909	0.9437072104921322
-0.01406626287542126	0.9382717046065334
-0.01692785779675931	0.9383674512953091
-0.0193749717840707	0.9387227501275303