0	0	0
0.295432294552071	-0.4394371351086237	-0.848301104339269
-0.4462517431828855	-0.649229195388811	0.6159227496699834
0.3043456349049563	0.215925545832758	0.9277660767516374
0.5890912231648506	-0.7274573185773325	-0.3518200966949118
-0.08968374044954641	0.9179450033503522	0.3864373138338222
-0.389968420671655	-0.3251578393022363	-0.8615085666545382
0.1677573713733569	-0.9599045072771377	-0.2245902964487488
-0.727330475881247	-0.2892736563084362	-0.6223432578732639
-0.07954288607721605	0.6658931912296231	0.7417945720673182
0.8376325556297255	0.191035189857384	0.5117394434527867
0.06748786056616118	-0.9951414675729606	0.07168576004295368
0.6943218601825694	0.7065059834692385	0.1369906923654991
0.3374651734717767	-0.9194198290827347	-0.2019515649435257
-0.4656757076888811	0.2944670905265473	0.8345269725211343
0.851547478919928	0.5192329380042841	-0.07255375411756315
-0.7654794516184865	0.0168525611313296	-0.6432396134670004
-0.1690410314240361	0.4011703411914334	0.9002707853992864
-0.08668927695879769	0.8580205910386808	-0.5062466144222537
-0.6117025670880338	-0.01544300400569421	-0.7909370917115914
0.2189631415691915	-0.7696431103237873	0.5997538039606568
0.1438903051083504	0.3717519508836042	0.9171128976903884
-0.7483787977298099	0.4012010072962437	-0.5281731977798235
0.2639983638475978	0.5211845712417579	-0.8115857974270722
-0.7843016727072601	-0.001922976347395855	-0.6203766503911649
-0.7119019482864828	0.6984750196711498	-0.07299495134115339
-0.0430673439089988	-0.5940923766863317	0.8032430839115957
-0.9098165250468135	0.01736580809517274	-0.414647222902726
0.8415737091460179	-0.3367785569409244	-0.422295981106855
-0.6762587574798847	-0.06647833668264336	0.7336584516542218
0.5796211009780392	0.7880881430247657	-0.2072593981579151
-0.2965847370193089	0.9435009569737626	-0.1477952568818868
-0.0390022631863971	0.581570168608872	0.8125607438527828
0.536858773436069	-0.5775009278939759	-0.6150409219444803
-0.7895016018545773	-0.2818309880605193	0.5452141917062383
0.4049322424293187	0.9136663023614169	-0.0352670805480082
-0.4726962041317639	0.8615463177227032	-0.1851924431986205
0.1465001570027102	-0.6023945548924198	-0.784639091706592
0.7026304042268389	0.4943896316309604	0.5117513138154441
-0.6105435849158249	0.6773064684899408	-0.4104783534607145
-0.2486441240736498	-0.6972668816013983	0.6723057305910083
0.7935235133571283	-0.1344050227846841	0.5935113508599554
-0.1970151642059865	0.9426577260804037	-0.2694094217614008
0.3200622067779031	-0.7362223197950675	-0.5962691335529866
-0.1847094902615709	-0.06444297394807397	0.9806780854674172
-0.09967272450021891	0.813108781771077	-0.5735150015452599
0.3036633351841762	-0.9054533392258217	-0.2965515627165587
0.01865656855776221	-0.7103390747434924	0.7036123445066959
-0.07379752485823188	-0.8809097560367072	-0.4674953764949437
-0.4203757904827259	0.8622284745720317	-0.2825707918614591
0.5751892072676612	-0.147608538945792	0.8045925024961946
-0.2657867475802644	-0.6861682537346794	-0.6771488258702121
0.6068340655630864	-0.6102859258753901	-0.5092185243592329
0.1931362234859539	-0.8841677830688763	0.4253771627163982
-0.5636144929652591	0.7338676322333061	0.3791793792913808
0.163394623696544	-0.6652925755159759	-0.7284833463507496
-0.04110915302363294	0.9067233186035846	-0.4197175967697596
0.5061245204374356	-0.8473712783418806	0.160623430586027
0.5667777467379713	0.7584878180066368	0.3216507667302538
-0.1177805285579072	-0.7646445329541303	0.6335980471213427
0.9807247487759287	-0.1385302188097304	-0.1377982061382481
-0.2584067241760206	-0.119098170606647	0.9586665690732972
-0.4874490071284783	-0.7758966655289932	0.4004720088476211
-0.003864047735544718	0.7898155459662969	-0.6133322692350839
0.1555828026689143	0.01265215814995913	0.9877418257863915
-0.9236020516213079	-0.3492703070383865	-0.1580174131614023
0.8557615664226688	-0.4164340634393194	-0.3070094660450016
-0.5808317667033085	0.3076757230580073	0.7536379158648043
0.3744650202001238	0.5665011501126944	-0.734065661618573
0.1342045530388749	-0.9834121612998333	0.1220231902190268
-0.5344988598159111	0.6065679627580916	0.5885458991540008
0.9500347275112493	0.3111183538408629	0.02528609155199585
0.09076967671187619	0.7276651050722295	-0.6799002578686388
0.9205923229926039	0.1552958491182022	-0.3583196535130825
-0.7731496635611785	-0.6195611100577392	0.1355862405971077
0.5394770869702614	0.4457642794828361	0.7143239319603047
-0.3450981896564951	0.5496614276549847	0.7607756268730589
-0.2095242388686689	-0.4965674232910732	0.8423303315520391
0.3297650228292177	-0.3936288640002746	-0.8580858623379715
0.1474984688309833	0.6203633487083956	0.7703203991014544
-0.7437484048517131	0.04369435540056732	-0.6670300694771274
0.7397128941471225	-0.6724466094304242	0.02530596170898261
-0.09078572878317126	-0.9958374806665656	-0.00810330481829552
0.959007331324806	0.2830292162649515	0.01412094917914336
0.0830202630687733	0.7926538823160048	-0.6039929294034466
-0.04299020844739143	0.9640756626259468	0.2621258451774542
0.8701188205534987	0.4298314588771728	0.2411185498424156
-0.1413022734096079	-0.9547710502629672	-0.2616216908228941
-0.7495557798857824	-0.01717531318504184	-0.6617183248609735
-0.317536178206383	0.2648961034943154	0.9104948269395137
0.4866014525174387	-0.5717722895015314	0.6605266651438813
0.2435311432445433	-0.9194035143829886	-0.3088523271892563
0.7797235696787408	-0.2995048410657115	0.5498436187368604
-0.2004773217915687	0.9355376497574448	-0.2908232269499783
-0.8398914722409587	0.1264580381638172	-0.5278168995406207
-0.2812088900103999	0.9526118697188795	0.1159835585323337
0.463872446860178	-0.571566811057632	0.6768557701175056
0.8389009876443481	0.2177873241395381	0.4988124039891919
-0.1173607629017059	0.4718643888212233	0.8738251826844461
-0.1826104864648255	-0.7985677551664434	-0.5735354833325578
-0.477106214770566	0.1762490059206867	-0.8609912588053801
-0.9884184181020821	0.0002756124196077181	-0.1517529399859223
-0.2497279952318996	-0.9132473185489332	-0.3218932487031111
0.5548971755047307	0.4894549173861666	-0.6726983041924302
-0.3075624484701529	0.9515277406331908	-0.0005468971973346948
-0.564433700826485	-0.8091529877491113	0.1633586232434767
0.4767759225471622	-0.8789473033640105	-0.01167722520296344
-0.545739179767766	-0.6393475068229391	0.5416673455043196
-0.5151490348086587	0.3954669822011432	0.76041261031392
0.8726450990298154	0.4232308438318673	0.2436517678339505
0.4765985854538879	0.4810093881118287	-0.7358557989794162
-0.8657803072775681	-0.4949565877056544	-0.07377286640178005
0.5292830942823037	0.7439359900510852	0.4079444187798917
0.3661815322111079	0.8050181904226028	-0.4667513241076482
0.2824506453784146	-0.436014608422168	0.8544664382922128
0.2676764444751782	0.9561369302786582	-0.1189600421588444
0.3448887201312569	-0.7844652260099212	-0.5154280550255597
-0.6790289691948872	-0.02039952993524019	0.7338279894992761
-0.9087230042067009	-0.4161952388347473	-0.03168635032369904
0.191252008010443	0.4008825515331422	0.8959441105940995
0.9557768401042939	-0.2002968932754949	0.2153410933018529
0.3636285506050707	-0.8564518722046505	-0.3664211617551723
-0.9294228471282877	0.3684973140046672	-0.01956785137148698
0.07130947696679879	0.9690220571125667	-0.2364555165862157
0.6582275508064712	-0.5345872929990236	0.5300499198408504
-0.8565030244032039	-0.33132734152529	-0.3957584641494725
0.3634169199011437	0.9298244957457655	-0.05791847236159731
0.1391272765081357	0.5417300678178407	-0.8289584637082275
0.6505850172046119	-0.7427963791850493	0.1580907159148193
-0.08775752568752138	0.8400282935512651	0.5353980600623787
-0.7242954862988702	0.628728263475407	-0.2830138145643875
0.3952320129995179	-0.1093484602547721	-0.9120496533304857
-0.9995970068223743	-0.004787643023364208	-0.02798039360037641
-0.3152890662417152	-0.5196910307484235	0.7940491403358276
0.5972994929282027	-0.7411645142617274	0.3064449029546634
-0.01300940621907554	-0.2770024854040931	-0.9607811293056203
-0.4311374334315721	-0.6279701584395811	0.6478996786566595
0.9759583195704962	0.2058725893098501	-0.07156699960170498
-0.2876409317143396	-0.4141958184284086	-0.863541845192767
-0.3323536842503034	0.85904515065243	0.3893359188487473
0.9500044260633653	-0.006584463939061758	-0.3121669990480271
-0.321327074958401	0.6576398695652088	-0.6813653299493114
-0.5268291189180574	0.7745629586222142	0.3500047179545298
0.8522459174290984	-0.5230966229268879	-0.006842463585761793
-0.9034107627660812	-0.3351876120091102	0.2673915826536732
-0.4674622887355437	-0.8133044148716014	-0.3464317210656254
0.03868481312907734	0.7854771681282666	-0.617680421886891
0.8208911314722149	0.456233177214833	-0.3434953249736072
0.3732736210260228	-0.3527950876067555	-0.8580223948165131
-0.796436686078192	-0.3505348663991584	0.4927615168692769
-0.4416500269896919	0.7811104995475243	0.4413747173962572
-0.5602090942240086	-0.2065006885471737	0.8021990004844544
0.4903547370320473	-0.6587436649820579	-0.5706216046700667
0.8313030273828144	0.4513306626119385	-0.3244008471789728
-0.8212972893867676	0.4098440418926768	-0.3968609627703688
-0.6572183775982947	0.5974520465994955	0.4594725847764414
-0.7401733131976904	-0.5805921924435591	0.3391993108830467
0.4720137251117893	-0.003461917200524522	-0.8815844023321807
0.776449582038933	0.6242778525122115	-0.0860419049899952
0.4164577496868569	0.08008485794036509	0.9056209793586008
0.525884245526375	0.8332837224895349	0.1705403123637963
-0.9856485398764669	0.1156578054920055	-0.12296433575701
-0.2811115456959028	-0.6200460055219446	-0.732474743532324
-0.3601863483837073	-0.9273948556337942	0.1010177023198768
-0.9932890907321064	-0.07974532923762057	0.08377030916361883
0.7938055322051842	0.2949685352098581	-0.5318518029268993
-0.2610668129997167	0.321662302737055	0.9101524499489455
-0.7353372804802301	0.2451756818725204	-0.6317974113228735
-0.6871961992636781	-0.7246802793090259	0.05098898408624652
0.9972468803004126	-0.05702685076919378	-0.04739829134517559
-0.6315903112511947	-0.3030377592966133	0.7136258089321776
0.6349657237884405	-0.5249879726761159	-0.5667505255041649
0.4110128448787549	0.2552630443894179	0.8751623960807047
-0.2937569241362858	0.9340554896082931	0.2030940960604402
-0.7835294663916588	0.277512323610303	0.5559392822425975
-0.2078203611184393	-0.3640618903293443	-0.9078929658910393
0.3000864517829462	0.5547747128274509	-0.7759981568686489
0.09812425609086572	-0.6149711714847932	-0.7824206596257794
0.2720798079711428	-0.939151158166845	0.2096847162009334
-0.08565534280175768	0.7969601592112754	0.5979278107593411
-0.1328531415992702	-0.002156565377104291	0.9911333875886632
-0.6992506270291177	-0.4665585635070587	-0.5416379486498493
-0.1598429550025129	0.5544768793116788	-0.8167041202570541
0.2426245414983381	0.335202571028384	0.9103694679846663
0.1482429802067651	-0.6976784989010458	0.700905650562615
-0.6837794552642315	-0.3872499307160584	0.618452219430861
0.5353294753251847	0.7902053085616032	-0.2983251970067655
0.3582363604465026	-0.8626789608932683	0.3570038101843729
-0.9626516863329623	0.2388599626639881	-0.1274662662686254
-0.69050885934043	-0.5262146422943007	-0.4962818406988725
0.674997443478887	0.4824572921847142	-0.5582234431791269
-0.7172046612231209	0.4149676097089713	0.5598386882060353
0.1804767365889266	-0.9774508821955779	-0.1096262762539431
0.501884533515801	0.7509775239813379	-0.4291208145644858
-0.7791863834092427	0.08164971787626982	0.621451449012995
0.4275242022471224	-0.8483747038137278	-0.3122233470161048
0.2691770479029926	0.9303276078394873	-0.2490667761342167
-0.523289964630241	0.7384251056438071	0.4253186761385163
-0.7973271806274825	-0.5146214120192878	-0.3153318400097035
0.1442634550573169	0.8953546361151126	-0.4213408728358838
-0.9535495439914042	-0.04601539923364388	0.2977009408570184
0.5098505311226099	0.8163258419487577	0.2714121509451041
0.9209414590715009	-0.2971233069553323	0.2521598093019272
-0.8479498410762535	-0.5152432906770817	0.1245207550210375
0.09052352975856418	0.9117542502473628	-0.4006365905854387
0.7399620419374757	-0.5723119177717064	0.3534335089775684
-0.6172059095131669	0.2029622872931656	0.7601731218602459
-0.6382501075252587	-0.766168136604817	0.07498791032893362
-0.1439376776446852	0.5191031490069427	-0.8425045196586968
0.1056575512669331	0.9679810842934764	0.2277039795662504
0.830611273508818	0.5508028330527521	-0.08186056084050636
-0.7719587862480561	0.5431998682808398	0.3301719785719426
-0.4065626316803432	-0.024134597970076	0.9133040828234463
-0.7691444945338921	-0.6380728416662089	-0.0357742261441642
0.2781546755859234	0.7137866497837005	-0.6427585822377262
-0.07023253420269182	-0.9898038588072505	-0.1239181674725342
-0.486351158496364	0.7447679447639699	-0.4569280677320028
-0.4387729357252624	-0.8981746096163976	-0.02758045531659437
0.0110384947318547	0.3619136516349867	-0.9321462655583004
0.2457628783145203	-0.7291307890339689	0.6387244320716626
0.2962307350498341	0.9542133992319864	0.04152276891029727
-0.5990697787055849	-0.4091114777432572	-0.6882900544250019
-0.9035401085939658	0.3235506728905603	-0.2809452513107707
-0.01814505075920131	0.6505434119988931	-0.7592522810224458
0.8126546359555165	-0.4040952375972703	0.4198803181993836
-0.2473170900616399	-0.9233762446007641	0.2936163617212725
-0.4995977569584613	0.8617888880321607	0.08787487528510629
-0.2697701728645215	-0.5007378263101463	-0.8224874972513804
0.8307166351632504	-0.3977109013047219	-0.389532939616711
0.3578981674542156	-0.9204865919536526	0.1568863785243038
-0.3138306124110443	-0.7080510589075407	-0.6325931114813248
-0.2735280594534441	0.9618621024811949	0.001922628954410865
0.9478531246613401	-0.1904388245756045	-0.2555533372194509
-0.5729458956648825	0.7973063309020295	-0.1898304910816899
0.6793185106595914	0.1984221239704771	-0.7065090387208646
-0.9305782141173675	0.1680684009232959	-0.3252340695886872
-0.5761151763454733	-0.7332690780962768	0.3611201499394121
0.9606426034748879	-0.07333504407982722	-0.2679323789667848
0.4334241191930305	0.8426361756163817	-0.3195431245455742
0.9842320625081352	-0.1004369465309603	0.1456010539196785
-0.7289879525480039	-0.3816514229853773	0.5682594094012934
-0.9353330261592816	0.1778872026248097	-0.3057912250507571
-0.5780881756363796	0.776607930215419	0.2503880666404307
-0.5602329041747737	-0.2871189671031142	0.776982491314663
-0.8588283258595579	0.4954008631253682	0.1303529497783368
0.5801504795710513	-0.5702252037934361	-0.5816086639762331
0.2178566601364244	0.9113426977140346	0.34927491028918
-0.6877028998814032	0.4206235653511051	0.5917267424800382
-0.02837241305963356	-0.85527475303248	-0.5173974323500367
0.8798550698861793	-0.4558663298980201	0.1343165859486468
0.2195535576294487	-0.6960094157913527	0.6836425443622099
0.7825595067416575	0.1969572204034411	-0.5906000945980334
0.5798841974702961	0.8144489423201051	0.02018013572546351
-0.3684310403036173	0.6417266756804915	-0.6726406486831316
0.6434524863175617	0.6729508335937101	-0.3648370504996471
0.9030401616976818	-0.4294566782336133	-0.009242720464275545
0.7831871229209105	0.6213748703206862	0.02260975508094737
-0.8363316892818382	-0.3400093134602049	0.430049964845143
0.074481717091195	0.4374748910744994	-0.8961407219284836
-0.3406563070651292	-0.3515141080279479	-0.8720040781521995
-0.9323953083123206	0.2639284988408813	-0.2469427798838741
0.4857781990318628	0.2421643467172386	0.8398666385351755
0.3529595884254756	-0.5527407683955733	-0.7549153408773699
-0.3613025367253757	0.8735704102466084	0.3260908083607851
-0.4691142292934605	-0.882980428851062	0.01665539373308911
0.5199005345670625	-0.7812555795757035	-0.3454607843717182
0.2277094886306533	0.9736565555321275	0.01188699528426307
0.9128422121199329	0.4056628651469231	-0.04644066766079236
-0.6687889562133351	-0.5491827996094613	0.5011183339892837
-0.8620149988369968	0.4539693981201655	0.2254815454765051
-0.2076265988558715	0.5213567293274861	0.8276946032399238
0.2702699888565891	-0.9535164299981298	0.1332687166858378
0.8046254605327909	0.3920166085022078	0.4459830119195402
-0.3485354464115481	-0.7935143754320089	0.4988566713771169
0.9064517255315671	0.4222102628996794	0.009152222846486924
-0.2823315163762242	-0.9188599024784417	-0.2756544838706951
0.9702026841450364	-0.2218690900158928	0.09736970048886057
-0.3749321056950936	-0.04942954047541226	-0.9257335667714737
-0.2165803954860642	-0.6072620417068501	0.764412025672759
0.4494640278281811	0.208299529479537	0.8686733527092182
0.1171140657421674	0.4121707399544615	-0.903548325620015
-0.9133875092564976	0.1324224474321114	-0.3849513649154976
-0.6933465855471095	-0.6672544906982142	0.2721065176603388
0.9808850161673248	0.02802280731551815	0.1925598798519258
0.4790884086663259	-0.4510771789620179	0.7529964643351508
0.05017945096995363	0.9685257539272174	-0.243802966922221
-0.8747989217972796	-0.3205557248170161	0.363277956542037
0.2096883141803632	0.6026257418009795	0.7699824843559894
0.2631162326679666	0.9362701326807086	-0.2327403848855469
-0.2191353991354682	-0.734959038095197	-0.6417280492295226
-0.7589514523294633	0.3489192799133641	0.5497708878357803
-0.3602469649141985	0.3196043371936007	-0.8763989912803123
-0.720288541190365	-0.3859074955197309	0.5764198316605236
0.3833395515255167	-0.8051716598387139	0.4524924158798605
0.2259617036376247	0.3340699540028534	-0.9150620603662432
-0.4614436032454374	0.8388677259832876	-0.2887399164083529
-0.873440901085633	0.07174142307706577	-0.4816161962866254
0.9584047474520816	-0.2854045488087703	-0.002140929839535288
-0.3448262631606455	0.9308927150309155	0.1205553870096459
-0.2779499607662049	-0.3120849345353611	-0.9084860004128446
-0.2676127906303052	-0.4009855559542442	0.8761244079507924
0.5971202642550655	0.7904366024506499	-0.1365919745894311
-0.897616239432516	-0.4254632720556647	-0.1151785172622
-0.6454926250236508	-0.2492263570292089	0.7219594822440013
-0.3641380840836133	-0.206775589343287	-0.9081009367750115
0.06193895380399494	-0.9523323423313215	0.2987083456340209
-0.8464285893928647	0.1746661482922841	-0.5030411312200476
0.3900447204334827	-0.6214457475702533	-0.6794632432213104
0.3398993783974054	-0.8741802832032279	0.3468100993682115
-0.5667665230285659	-0.2464343324413761	0.7861589077077764
0.4160358514196743	-0.619534357760906	0.6656510721746727
0.4138352816692357	0.3282987504911247	-0.849093805225142
-0.9096528072514358	0.2279744320167124	0.3472166882600018
0.05921039962996266	0.01188851166383065	0.9981747301279864
0.372986484021173	-0.6501477317653905	-0.66195846517576
-0.1114275801456222	-0.3351828856479702	0.935540660554949
0.6506173507695152	0.6923694359847103	-0.3119641437599472
-0.04002444820308426	0.2358920065569694	-0.9709546872993426
0.3789705996764208	0.9203860181853585	-0.09628531616920499
-0.517783938268328	-0.3533045754058901	0.7791506082065296
-0.5983710876002266	-0.02793044699752123	-0.8007321222822532
0.8590839130256689	-0.4975148856387545	0.1202238285381338
-0.4264140067158109	0.6213399080303742	0.6573490804476574
-0.04924330656488829	-0.8389206747516491	-0.5420214001612877
0.09098059527922997	0.9321045752745356	-0.3505760859427269
-0.05934523798630309	-0.272929895964907	0.9602017572452848
-0.06310731605278042	-0.9824967808018501	0.1752642073403035
0.33788424758183	-0.1568509402181204	0.9280258712927951
-0.5435411421131604	-0.05520475761241408	0.8375651983978782
0.9724494723116917	-0.1471806163175567	0.1807758003193443
-0.06410415945709502	0.8588913707442312	0.5081301703317811
0.5574980504215254	-0.6744356169237327	0.4840790456122903
0.9288827755791713	-0.2902915404923628	-0.2300165445156268
-0.9702291292908187	0.03588632770479619	-0.2395153610093654
-0.6302748959032625	-0.4211935475377251	0.6521882788786693
0.9997288121556007	0.01986793910938181	-0.01214772165884392
0.6144139863766109	-0.1257517703809851	0.7788979044719855
-0.65020098150451	0.7568531560671165	0.0664227656893619
-0.0521761680321482	0.4248352810016673	-0.9037658056740785
-0.6647864958351912	-0.1969269813052654	-0.72060993539443
-0.8359647241746286	0.5486844670965352	0.01040843420660131
0.2406552622545228	0.8981127766519809	0.3680740213105058
0.07299126327981442	-0.7152882611766247	0.6950071790332393
-0.7729693599773095	-0.6204878742216097	-0.1323373208139866
-0.839563668979598	0.4119872822748882	-0.3541176710830314
-0.7505722607751002	0.3905270926621078	0.533038339382677
0.5313757093151843	-0.8027712873692796	-0.2705515029070495
-0.5322882020849176	0.5939288595707828	-0.6032559818933896
0.31842430672296	0.4544970689777025	-0.8318884391423422
-0.9668620042892384	0.1858387103470639	0.175048103098379
-0.3798831899405417	0.6070095651348937	0.6980172990946243
-0.242299717326935	-0.9580299467417527	-0.153197480819022
0.6689543342279598	0.5357533031138478	-0.5152363505423834
0.2370110103975231	-0.2105962981579497	0.9484065479278989
0.2955481863059797	-0.8827814340148461	0.3651687408992528
-0.7481272022343148	0.5674382191757658	0.3439760990180853
0.4005958691747318	-0.526992033187514	-0.7495347534017616
-0.1536147674033315	0.9310820177568153	-0.3308908875226502
0.9082789458547847	-0.3844803514961772	-0.1649370056424626
0.245819927963581	-0.6966559576060039	-0.6739755483309855
0.2017161053476879	-0.02005980669531282	0.9792385904358083
-0.6781065082235891	0.02645069762631813	-0.7344875248088925
-0.1891284687757845	-0.7167332154951997	-0.6712107866419088
-0.6972908614591341	-0.6696259763809067	0.2557078533825359
0.3265301675958294	0.7634517146716044	0.5572427918015985
-0.4424721709701656	-0.3217113383207335	-0.8370903133550387
0.7921929139278554	0.5490727824975822	-0.26636341085604
0.01313293043229269	-0.8486884173001314	0.5287300790373721
-0.8078534036477806	0.4632473120635624	-0.3643827741271308
0.2707655944364014	0.434078262886571	-0.8592217726285107
0.4439808782954013	0.429503498138704	0.7863890416293118
0.7517836130950459	-0.3718686558240742	0.5445503667222678
-0.8745141198947689	0.3409732271379358	0.3449091365560295
-0.6917368864760771	-0.208246083250359	-0.6914720881563263
0.6915604012591299	-0.7041896062884843	0.1608142089667091
-0.05657203950450107	0.1510451337484038	-0.9869067696176916
0.2684126889901137	0.6705758537573834	0.6915798238429631
-0.2635423134981374	-0.9509555928347959	0.1619534175381445
0.04601255083524747	0.4637485360918234	-0.8847712362177722
0.7462866606221477	0.6635358414707915	0.05269162420254103
0.1622646138393793	-0.8847312564630723	0.4369448465571359
-0.02112679830673758	-0.8998283109004912	-0.4357323367565127
-0.8855289699512882	0.437940598651668	0.1550692601054018
-0.05761730349006955	-0.9350090165674456	0.3499119678949585
0.6116875339287768	0.7215600422619197	0.3243292559223105
-0.4863613355836259	0.8677426081755598	-0.1023494856166844
0.2201276510655854	-0.4064866404126173	-0.8867425942190992
-0.4418983345790201	-0.7887295482230692	-0.4273541407967572
0.9803731076670077	0.1237581888692321	0.1534681740659822
-0.7275396803248453	0.6410776653152135	0.2443469676235561
0.414419987228156	-0.9044266459092445	0.1013336881554245
0.08471038768117167	-0.5415947289144725	-0.8363607474236061
0.7424531399923343	-0.65392397712316	0.145419280217447
-0.0826133332856881	-0.9434115350618457	0.3211692897455976
-0.1155589101990032	-0.6972963302948161	-0.7074065069187681
0.4889181574810663	0.3189813635340677	-0.8119174373070637
0.4461575598731998	0.1660063328308754	0.8794232935441495
0.003372759290885874	0.8601749252906594	-0.5099879629912687
-0.8046738532756517	-0.5094018207925317	0.3049750396799333
0.2394806607655002	-0.4401430557528163	0.8654034340074541
0.5194694747348021	0.07821107305998098	-0.8509021640997037
-0.4096739473349705	0.5660189679669392	-0.7153948453662693
-0.3917046026072228	-0.2029593693919995	0.8974268765043325
0.7615579437145172	-0.08371927619360919	0.6426667730316677
-0.003413657844404283	-0.7448673259720877	-0.6672038771165267
0.260367433223549	0.05372471621972608	-0.9640137211594517
-0.8372128791728903	0.1571034311551465	-0.5238254545803622
0.01040014698906444	-0.9097536133479598	0.4150183127802287
-0.7668905347675776	0.5537906252805136	-0.3243375572383238
-0.9051962429135151	-0.3257850069729256	-0.2729173703649428
0.01907104995722331	-0.1292828392961334	-0.9914243503752873
0.07057041165938371	0.966295669733811	0.2475732127107602
-0.6230918637064066	0.1548140866354595	0.7666740689250626
-0.1294444088782583	-0.6453776636210904	-0.7528159245852533
0.777469173220056	0.6150657818282226	0.131285066616778
-0.01962103541650673	0.5643106985887052	0.8253292981758973
-0.9251604733652381	0.233645083070173	-0.2991455727229555
0.667192278759329	0.7448849079517696	-0.0009680235695794792
0.3376206191592015	0.2897037432403494	0.8955914574576345
-0.3885853951058791	0.7076845579149778	0.590071145879123
0.9504141042788177	-0.06785864290099142	-0.3034933853835007
-0.6757727745972325	0.2153636850852345	-0.7049465513495798
-0.469361761113245	0.8721575907179056	-0.1379879493210279
0.1573880001423822	-0.807457377595752	0.56854340272083
0.847066700018168	-0.2508883184607249	0.4685435490755196
-0.7732885303770051	-0.5664477198688868	-0.2848891529046371
0.5780048475457333	-0.3723259140974007	0.7261431056652463
0.9349572879792241	-0.2401233821802611	-0.2611429320982217
-0.7677244028794149	0.3116017288030285	-0.5599139253764025
-0.4365335636317855	0.7541488410118148	0.4906097975208854
0.03851875608279065	-0.04346633797706201	0.9983120668872529
-0.09474856217324545	0.9355238756367544	0.3403201258810671
0.4441015347501953	-0.283342879309062	-0.8499944938512125
-0.016750281962014	-0.979640033268229	-0.2000620735482692
0.6810375235592052	-0.6812697401781566	0.2684388806077465
-0.2362357509543471	0.8091246580135819	-0.5380612955467505
-0.2274748779570943	0.9094393513511148	0.3481023500530904
-0.008348243578151449	-0.02523462219127626	-0.9996466979248351
0.7712323906532501	-0.5678576290315713	-0.2876426824341736
-0.03698450148408194	0.5924181236861197	0.8047812829447518
-0.7270930974091309	-0.1387571036223877	-0.672370503438636
0.1971867064964772	-0.6501939736035991	-0.7337337388117335
0.8440743197469267	0.5254899047974431	-0.1067656438174271
-0.6457843864427402	0.0394865219706102	-0.7624980923316729
0.5310745324960229	-0.7957134891870966	0.2912041965010763
0.01234185414503663	0.9096929774199399	0.4150980191100926
-0.5457496484375237	-0.2893917157023306	-0.7863903331763336
0.09119474943812822	-0.9584360716982543	-0.2703401822566383
-0.834704923044568	-0.2491391370811296	-0.4911185007914476
-0.1454118081679201	0.01963428628083214	-0.9891763749946616
-0.8082021871987002	-0.3336752499605966	0.4852525653419892
-0.4288685334346609	0.8378060130499327	-0.3378651587941413
0.1198142322127418	-0.06791742614010304	0.9904704806231104
-0.5413135885466833	-0.702706339614216	0.4617178782771081
0.4755861304793101	-0.2286520097983665	0.8494328054124622
0.2815324637929832	-0.6625540032425437	-0.694090530563515
0.7346488180373609	0.4372062762609287	0.5187887683386845
-0.2527887447769204	0.9602783420214331	0.1181666465576976
-0.541767966834187	0.4063199308066001	-0.7357931665499988
0.3445138669227652	0.4691234532441807	-0.8131625797552324
-0.1096567747170523	-0.02287479105454837	0.9937062622791841
-0.7324226611786	0.01877070198427577	-0.6805914384849983
0.9833233492043549	0.0005473508400233307	-0.1818650359926277
-0.2151055309705623	0.8315553541400054	0.5120989196893277
0.5249277127770122	-0.8477936338890277	-0.07547748469540938
0.6970239300372019	-0.2180264637315599	-0.6830974323390588
-0.1179443983032749	-0.7442355632195163	0.6574211324168218
0.3809318842781348	-0.008547834623623185	-0.9245635911410108
-0.7994723631014324	-0.4700025293441665	0.3740876408638889
-0.7876136159765929	-0.3469941161436751	-0.509175682147089
0.1819144894876925	0.9801021973171102	-0.07941537211787608
0.2742265324641191	0.3239002044033756	0.9054769276354651
-0.6527913153164046	-0.7307756506788854	-0.1995756674104925
-0.1398283293854091	-0.2133848251086485	-0.9669100034205043
-0.6761550066038537	0.4060939617977444	-0.6147374246261235
-0.3594506667501196	-0.4610884981721184	0.8112907093183566
0.5468768570681874	-0.8259198996238828	0.1370475195270235
-0.2370531030137655	0.4197909453373447	-0.8761172230725327
-0.2641617352551318	0.3251394680130266	0.9080214226367191
0.3459432511318629	-0.5290659961847339	0.7748628515275309
0.01399264632269914	0.6105193232581181	0.7918777442114076
0.1593509178522678	0.2560883452768623	-0.9534285733042629
-0.4588722733750269	0.7249637808297782	-0.5136767010607319
0.4290069081602201	0.902669064320456	0.03378806105205134
0.3106323884158124	-0.8259722844529132	0.4704012166042251
-0.2276654566789532	-0.7773075661556279	-0.58648221408018
-0.1003626266256615	-0.8829410279477483	0.4586310983169199
0.2458221974526744	0.8697860525376897	0.4278360317346541
-0.4773590906069438	0.7213748204086445	-0.5017436268606872
0.7037256385483968	-0.4360339327247893	-0.5609319345180999
0.7895094713695547	-0.1641210128048967	0.5913874261206997
-0.6420576254973384	0.7642469421636258	0.06073398500248839
-0.02359825381959402	-0.7474731158871653	-0.6638727765487982
0.6702429902037141	0.1274058684879367	0.7311238463883001
-0.7758610852749812	0.5955313519554908	-0.2082834251542955
0.6059859031884027	0.0004710836047223665	-0.795475243623069
-0.9690699968608187	-0.1672005311713387	-0.1815139762117637
0.03890666091823602	0.8759649292424849	-0.480803197237095
-0.5684180909182213	-0.02909694620501302	0.8222251769670121
-0.178584769698654	-0.4681735872834949	-0.8654022025635189
0.689014682674147	0.118572721526697	-0.7149820115004331
-0.0742764367112434	0.4236889244121671	0.9027572798266141
0.6430424334322367	0.6709069770849818	-0.3692969765706891
-0.7169622233745704	0.4363793206503219	0.5436343060942428
-0.8564842825695409	-0.4731443268407016	-0.2063228530478605
-0.4057279546339616	-0.7599400187866485	0.5078149216743264
0.7973630891658778	-0.2187178596850594	-0.5624718676437483
-0.9064378876664519	0.2659999663747645	-0.3280462980913108
-0.2160286395651199	0.7339479643587392	-0.6439347890130751
-0.5715927943574952	-0.4429572872549614	0.6907029166771514
0.4310129456465317	0.82977274290382	0.3545490598196319
-0.24632595914365	0.9452551790520736	-0.214047117072873
0.9101618168365904	-0.4088643121309217	-0.06659910989224116
-0.8393673755338815	-0.4575602424669483	0.29342977593108
0.5066408829986964	0.4858599590898476	-0.7122184467054486
-0.8467109067941943	0.504511338090623	0.1689643455104601
0.7360250583375985	-0.1666610624467002	0.6561182848871665
0.8573254291581529	-0.01244308336909539	-0.5146244049742212
0.7560671320100667	-0.5049455252343207	0.4164042608330494
-0.9129621885568278	0.1324384756183123	0.3859534848157731
-0.6430314972940383	0.02828280853038478	-0.7653173042793582
0.6054657098176799	0.795866175482284	0.002881832435981391
-0.5299648069453132	-0.406317353826279	-0.7443409913332952
-0.3009320771655968	0.4502401753624237	-0.8406685847719166
-0.9278909346994785	0.3363594887667318	0.1608748197174616
0.03266133845556118	-0.9993370990942396	-0.01608102435228043
0.6317009433389584	-0.2632491909711558	-0.7291459261613653
-0.6000341683525834	0.7999199814505493	0.009328455691745674
0.08400084464390867	-0.6909648824051189	0.7179912181788839
0.4997885611674242	0.02425973795510861	-0.8658076340853982
0.990759625287231	-0.05220096227810211	-0.125181565887154
-0.4798903720160648	0.06016221091532037	-0.8752632399593083
-0.8200567107512409	-0.5675980099384579	0.07307181581000721
0.0708033563456455	-0.8013520876827984	0.5939879765589726
0.2880075020663208	-0.9208834030864033	-0.2627269241504222
-0.8399829006559958	0.2471398727525731	0.4830637741555441
0.5723354818940664	0.07542470502642429	-0.8165434526323598
0.2465839069278841	0.276602008839592	0.9288098328237522
-0.7840250053582996	0.5520668786763339	-0.2837727126442942
-0.07053923912140414	-0.4431236910588396	0.8936809330888558
0.3966349165191374	-0.9134508127278977	-0.09104040709826577
-0.4966161906343856	0.5074755062718217	-0.704159761512936
0.1956967671396177	0.3080859380781977	0.9310133350761327
0.2631261783214658	-0.8749996334449018	-0.4063745264571161
0.9163364587066416	-0.3993676612017387	-0.02886114396970907
-0.7974763795948888	-0.1693898465132806	-0.5790841941258993
0.6947613151992557	-0.7190044092540604	0.01842211648637138
0.3232568044395719	-0.5048025578859803	0.8004245223225563
0.3139722000724987	0.945733223416021	-0.08372650541371884
0.2551083720438001	-0.7674133840461578	-0.5882146007198426
-0.6182280264498002	-0.03034123784714349	0.7854129592755019
-0.16463236495517	0.8701467768861628	0.4644790319098464
-0.8808001929444409	-0.07654816991528435	0.4672594544700757
-0.6809480060978428	-0.5871117135719057	-0.4377323940240689
0.9059127390729985	0.2842770995113959	-0.3138608606989104
0.6212629647783052	-0.07991510344256092	0.7795164557830949
-0.9693739812261615	0.2434405755129412	0.03241559371175029
-0.4809654622561075	0.009734362212116654	-0.8766855002274729
-0.971086012704289	-0.1388096888039327	0.1942262243474262
0.3968050503666234	-0.8913271276648715	-0.2192754055799471
0.2493925421194414	0.5915407076555161	0.7667352549098174
-0.6943350997357152	0.1856828348182247	-0.6952845849929843
0.5787977247078078	-0.8130596737892124	0.0626670625676784
0.1602229232245638	-0.1744171052430752	0.9715489119298131
-0.9218736127722144	0.2953342123570546	-0.2508520382332113
-0.6268521662534838	-0.4547336258345922	-0.6326718669252229
-0.6162790220242296	-0.677368707930607	0.401711090871653
0.700678996981158	0.5277521333655679	0.4801318870035396
-0.2195642944984288	0.04788787641894876	-0.9744220193907225
-0.9819180883053622	-0.166481393314486	-0.09011555658610915
0.4861754575474024	-0.8176961351994534	0.3082311712959371
0.3786171078933029	-0.1683869791071442	0.9101070875878747
0.3490083455006492	0.8028615569163549	-0.4833285582259323
0.108651080051593	-0.2573059612565367	-0.9602023667464485
0.2321238707971469	-0.9566662758334064	-0.1758071252515347
-0.08280504879350081	0.4968247883360948	0.8638914593796567
-0.8261464495277824	0.5603110282527295	-0.05944405395853769
0.6143114713029973	-0.2384793575945423	-0.7521628894241315
0.7707963877785815	-0.5931894197651237	0.2323773673708796
0.1572185929723289	0.6566075171782733	0.737664478207265
-0.7937917893341593	0.2262141457943718	0.5645544751644569
0.6323161273187035	-0.6903657881562477	-0.35152723034795
0.03753690638601492	-0.09679507387935349	-0.9945962468920064
-0.5559141102482856	-0.6074461733844569	-0.5674228127837715
0.7049460240750727	0.1105101592947326	0.7005987495231523
0.8110469279597261	0.5191193198467792	-0.2696627753489969
0.8392624054195856	-0.3618364937216096	-0.4058484528251927
-0.6155073521018375	0.05800285618098444	0.7859938728663529
0.9054086594848099	0.300572730613339	0.2998186000593899
-0.9755534799480257	0.1932596340136126	-0.1046237144352866
0.5053651645088135	0.7174182880326687	-0.4794966636977445
-0.739379711159649	-0.4382072833251063	-0.5111673107372114
0.02885950532773363	-0.9757869911320396	0.2168106936701548
0.7815351795286687	0.6209417799546335	-0.0602832403398943
-0.9611034746122749	0.2350865515967326	-0.144963527642588
0.2566098235463228	-0.6727755180085131	-0.6939196645346768
-0.840449164932243	-0.1868446979442999	0.5086592769377303
0.3051380247368498	-0.3373881538506311	-0.8905391734791732
0.9644910780152118	-0.2474019522140529	0.09246207043834298
-0.4742967966770877	0.739963665060491	0.476965746204189
-0.3987141002779415	-0.6352200104452019	-0.6614549149938784
0.7113832414213821	0.5221775911323125	-0.4703875499458685
0.03394152931238636	-0.993375685911102	-0.1097848770487082
-0.2276971982908691	-0.4031400155025211	0.886358908000096
0.4879657660860843	0.8586251295859455	-0.1570105027428177
0.1219997458507391	0.2686070619678156	-0.9554927044584796
0.7665437009136982	-0.233691937661253	-0.5981628815478928
-0.3411552219498484	0.4846270364686638	0.8054500295238469
-0.3555657424390311	-0.4063867841048561	0.8416785517694407
-0.5972881357667026	-0.04586108297969105	-0.8007144584308881
0.2578254475340365	0.8234822554298384	0.5053741322981162
0.2896924528042764	-0.9364326854433611	0.1979194493262155
-0.3339492398125703	-0.7054959066765711	-0.6251027362691839
-0.8948800335055584	0.4146450840166174	0.1651035430690784
-0.05203393073744644	0.9926839305562307	-0.1089545045762619
0.1965930599851449	-0.8962113497163444	-0.3976888047271432
0.4646833083213138	0.421990386547439	0.7784558668473816
-0.7508463251071311	0.3928690023356403	-0.5309272483843004
0.7752607517627288	-0.1284070571043441	-0.6184516104450766
-0.8810447651562239	-0.3529285212475406	-0.3149628242838345
0.07921427923388169	0.7053933861247814	-0.7043758008172052
-0.3492403065867031	-0.8586234409270572	-0.375229256516358
0.5072332752258419	-0.7419743023082019	0.4383931331783539
0.3488999104007586	0.9099940276447893	-0.2240083082681754
-0.9233983107448647	-0.3435280160928129	-0.1712426987432685
0.6370148888844209	-0.5658240535129075	-0.523502790638037
0.2046409096039992	-0.8058341725082387	0.5556558148120287
-0.9484412876916544	0.3167434640741993	0.0115196253450951
0.7909511062415211	0.4712076865629848	0.3903327601666091
0.004950326027167051	-0.8788507755600183	-0.4770710728704848
-0.565286925830399	-0.1014378802609888	0.8186336469589961
0.08647924002682617	-0.06218488172158132	-0.9943110084524163
0.1126730634300666	0.8220029424274347	0.5582257101011541
-0.2209422112072619	-0.9183241919634471	0.3284284058383802
0.4742238186185834	-0.5144241137932237	0.7144785518144485
-0.779241990781578	-0.5089427294369475	-0.3657310732711165
-0.05755617554436565	-0.4577060341311507	-0.8872386786973672
-0.646924123303799	0.6666073844640055	0.3703022733736479
0.829269222045232	-0.3374061080890556	0.4454993553224327
0.133491476134592	0.5760745093042612	-0.8064230809750357
0.4045257242073224	0.6452670947150962	0.6480658260797969
0.07142996011182978	-0.0458133752525911	-0.9963929422905373
-0.567096631502765	-0.6893742229276745	-0.450737829897927
0.06225796352504176	0.8103565487742972	0.5826201248123346
0.3045519283407985	0.9135819777544576	-0.2694737331655328
-0.2760041154926811	-0.02854693751668735	0.9607324292379904
0.5935890545136866	0.6435888507788388	-0.483161904039147
0.2203577463702828	0.9367439084279794	0.2719435853953907
-0.6798908759821742	-0.6642952959584241	-0.3105803543750203
0.01176177547480028	0.7533142758341111	-0.6575555204408357
0.6118706320819245	-0.267201643757657	-0.7444579310940886
-0.5910117617515052	-0.7183222061378562	0.3670399237693875
0.9324998323197882	-0.3598014458902785	-0.03141627379005607
-0.490566376744785	-0.1157721642380047	0.8636790121307534
-0.7395679458511046	-0.645485849749019	0.1907544789602018
0.3280893494195916	0.8050111565962994	-0.4942817178016288
-0.8185011619181534	0.2677928354726924	0.5082743798463083
0.7981543292452578	0.593936171029406	0.100943010902157
-0.9696900012445578	0.1883250494694706	0.1556758723395202
0.6419885470395756	0.4092373292691709	-0.6483637203010848
-0.223967436019779	0.4733715631212847	-0.85191428608214
0.05359585254497334	-0.674948263488335	-0.7359159776795678
-0.4047689408113021	-0.3127762137482739	0.8592631405266951
0.6902448729463653	-0.6701741269463188	-0.272816155942091
0.1576577160129644	0.9625510854964014	0.2205435385389758
-0.878296982598943	-0.4780149791706154	0.009802553041020623
0.8900230268701785	-0.3923689011096214	-0.2321759183957202
-0.1833530516505588	0.9460347113839365	0.2672077530820562
-0.02190835919199308	-0.9737066766038847	0.226749491145072
-0.9309760255051326	0.3540747118009637	0.08896481550451485
0.1062916746686255	-0.8363576627263949	-0.5377805685360899
-0.8051195206167111	0.3751582984997817	0.4593896043541785
-0.9582513550801776	-0.1950307325152716	-0.2090869528726595
0.4235716135868268	0.9032507876408378	0.0687393831051315
0.9431040084244668	-0.09084262175093816	-0.3198475376912238
0.6475726890494751	0.6822290187737066	0.3394306679431174
-0.9789646278855565	-0.04410286271447328	0.1992064126711304
-0.2549079292091355	-0.9668279780060791	0.01629750198664048
0.25526661123857	0.2988892187352539	-0.9195130190000649
0.7695679616218554	-0.6281551970800199	0.1148311840336285
0.2271021225813128	0.9718248815734869	-0.06309536808481564
0.5902040361576675	-0.4924660811237898	-0.639637674504713
-0.4405056379006997	0.03720228654958824	-0.8969786914153444
-0.5225413690298488	-0.55771988347316	0.6449023563541281
-0.5589071728695356	0.3255934362702617	0.762634700477709
0.7278556171393862	-0.6843471379904953	0.04353384112257075
0.2856296511646688	0.9387615668792293	-0.192723695808326
0.04096916557910246	0.7618303527460393	0.6464797298497578
-0.4678390896105773	-0.00775718384427071	-0.8837796175128489
0.5170375728100729	-0.7525981682780061	0.4077599114764427
-0.857338907626628	0.2448613348843436	0.4527835290160858
-0.3015367597370577	-0.9068162328788505	-0.2945503391861974
-0.2997692925742546	0.2039119147114667	0.9319647537692863
-0.3561416819279597	-0.6571019645548564	-0.6643644410801084
-0.8122981896855279	-0.001974490756863734	0.5832390182591385
-0.2423135192308616	0.002964039795523732	-0.9701934718735479
-0.3701564978251	-0.9094276104877053	0.1895404663930513
-0.6033081616783549	0.5264962766321424	-0.5990166381201663
-0.00183695457612032	0.9417276297491579	0.3363713676354458
0.5785663574384081	0.7528085717351716	-0.3139111727264847
-0.3638634119359505	0.5513079681672313	-0.7507748941524728
-0.09861729374507933	-0.350370007655207	0.9314051143890572
-0.02076922780108115	-0.9951594768258736	0.09605339588072859
-0.6950486949767258	0.04259690464822441	-0.7176996693085123
0.6339673046171215	-0.7596711050395264	-0.1448629312300156
0.03502474927609089	-0.8605113790389587	0.5082257701874533
0.1136395966678325	0.9934598205161622	-0.0111187719280097
-0.7155937186707382	0.6866737467092738	-0.1280812061906618
0.2780796883353949	-0.5073809591200438	-0.8156201623658723
0.93170177649885	0.1640284623575199	-0.3240778659605343
-0.5154107411413953	0.4398745252131193	0.7354333212362838
-0.4654868377914534	-0.724267748788364	0.5086828401941261
-0.6437059891037129	0.359069703157199	-0.6758043710028963
0.05607898704059	-0.5911079760852314	-0.8046406078622548
0.8427814249201964	0.5211830302962555	0.134490589784976
0.4109767526776653	-0.8950987874946246	0.172905376967277
-0.03129853487329903	0.6303136730672363	0.7757094012961874
0.9323442403714659	-0.3555691810193955	-0.06561078383446262
-0.6175094751604604	0.7863423106188958	0.01864989591427291
-0.6968515058150331	0.02955339872174934	-0.7166062904184702
-0.7518704423054658	0.5635992286092808	0.3421209544860302
-0.1377579809307421	0.9784061046032275	-0.1540916388550788
0.7226654332829194	-0.249434140521231	0.6446218124454481
-0.5719441651113204	0.6937380350057545	0.4377298376641643
0.4001404268287767	-0.9162735128435364	0.01817934208583871
-0.2399245142334974	-0.6003226764375764	-0.762921301068896
0.7277661310585026	-0.6811262349520004	-0.08014680620135151
0.1023268046514629	0.950422421908474	0.2936433976500612
-0.840892348312456	0.5391561364569042	0.04701828442693579
0.1534500008321267	-0.9305903387595573	-0.3323472862113013
-0.6789376616888756	-0.7294744410225005	-0.08313056859764334
0.5335634060006438	0.6109600629970062	0.5848400577933233
-0.07363006073688405	0.9956624556184597	0.05687608133235411
0.445602733217521	-0.3652186389425425	-0.8173454287619464
0.3534568383020202	-0.02824161044627571	0.9350244247595594
-0.5898971053282844	0.3925738848796376	0.7056253609641887
-0.1049722352668403	-0.01705133405759973	-0.9943289605708689
0.09474450660248479	0.7733849340463652	0.6268167373792499
0.3174561920445855	0.9214341707087619	-0.2240103461512963
0.3520717161763982	-0.5924059817527549	0.7246382956014479
-0.07526556981645038	-0.9423310206849491	-0.3261094010529089
-0.898912343924724	0.4095246497507219	0.1557117824261645
-0.1035408723277285	-0.08714362707435264	-0.9908003209617697
-0.8403212107751807	-0.2479162098475287	0.4820765661346629
-0.6462572050331747	0.6216834535633513	0.4425622086309229
0.257035173697989	0.05558814245043386	0.9648019889598904
-0.3456708816411673	-0.9076435387569655	-0.2381067998570563
0.4736701512652388	-0.7057653168242792	-0.5268129700076836
-0.9152162053519608	0.3623806559089369	-0.1762372199173319
0.983701327991656	0.1603166348459242	0.08142649384045653
-0.6104604045635935	-0.338255516384824	0.716185241467111
-0.3068695798210137	0.9175172309279329	-0.252968756827467
0.0338137129145375	-0.8028416991107044	-0.5952325923435215
-0.6749862457683449	-0.0234795520626081	0.7374566283236681
0.03806421600772225	-0.5122560855953466	-0.8579888217396916
-0.6804293197774989	0.652448286437485	0.3336572707314338
0.4990734940612631	0.7692700648755473	0.3989351010024902
-0.2303050750099436	-0.6304429464525301	0.7412835244985061
0.6970658584420839	0.5016650906850684	-0.5122805147400773
0.2338395482753262	-0.9714785052721577	-0.03935199431527847
-0.8271077482459743	0.4295272118871729	-0.3624902026812928
0.8563519663301253	0.2259293768973638	-0.4643460201372638
0.524667713999551	-0.5880362375528554	-0.6155787303109101
0.6955045245767129	-0.4598267606354929	0.55211666022391
0.1723245181999755	0.9827601189614885	-0.06698364730264528
-0.2130782451855726	0.2740575973577721	-0.9378113321767487
0.1599102354445749	-0.6888762264442665	-0.7070206936433956
0.2062746743367558	-0.01788388604889501	0.9783306830244369
0.1337762517923844	-0.8088211640660248	0.5726362187421219
-0.6275325641059344	0.7583813274241997	0.1762402995939616
-0.319587088760271	0.3314055763902983	-0.8877130373240867
0.08720997688274013	-0.9914128483431055	0.09744220888477972
0.4637112661709963	0.2645125341529866	-0.845579671528395
0.515286724846626	-0.5896169428091165	0.6219577573672366
-0.1448983516230937	-0.9758805733926641	0.163283722923425
-0.7761846361807727	0.6010138344659168	0.1905774943101255
0.02628099581430821	-0.9816089707090052	-0.189085001739004
-0.4368566875085431	0.7441555744889703	-0.5053599860852369
-0.2566160159711401	0.002347497255509978	-0.9665105843205959
0.7556660274741476	0.4167119459384123	-0.5052920037301973
-0.2328238067002615	0.4081943320218473	-0.8827063284801144
-0.9376510647595704	0.3404439247769515	0.07006008020074805
0.5809119763607029	0.1336748900638494	0.8029148768625018
-0.3417693639404011	-0.8720297108809332	-0.3503682137590489
0.5382080712917894	-0.8143486943071521	-0.2171825869553956
-0.9012666900243151	0.2851098757601829	-0.3262372023492208
-0.3069954944434503	0.9062000262704908	0.2907839039197522
0.8149128467102109	0.5719003567183067	0.0940586745183456
-0.02539445101388926	-0.722683483127617	0.6907124619349576
0.1773595761711126	-0.9740463396357457	-0.1406318206617398
-0.5762897692516225	0.799141400512501	-0.1710646773675277
-0.5751724907744022	-0.7075486156577826	0.4105503164499336
0.3639764740681377	0.9309858954466792	0.02804262477531738
-0.187196032893016	0.7395939413602655	-0.6464970589046155
0.6081886562979752	-0.7258414185944342	-0.3213421749526737
0.4424128120341235	0.8756122183704322	-0.1938405189543375
0.5603933412500735	-0.686391979406392	0.463492560554291
0.2697016381456865	0.7992315354908648	-0.537112631631822
-0.586168999532195	0.7586119620190424	0.2844535024728589
0.2037330655965359	0.6914746588871843	0.6930769323094701
-0.8903311913838339	0.157012832946112	-0.4273843000617776
0.1012677963075275	-0.1979939789857319	-0.9749580594653433
0.1219721151208542	0.9846672204273235	0.1247127425281649
0.5698834836222328	-0.7252349055497893	0.3863510668638015
-0.801717465417882	-0.1195728769331712	-0.5856205535548273
-0.02290054493856575	0.7751251375670849	-0.6313925768910633
-0.1742899545949927	0.2862276725713269	0.9421765923550063
0.869573558607263	0.4856232418547339	-0.0895091790914031
0.09995594107916217	0.5782011515780985	-0.8097482560381035
-0.7887407017428405	-0.5688595842081292	0.2329954481718115
0.8408634322596851	0.1004082503285342	0.5318523023870791
-0.214304234538421	0.4491365383826795	-0.8673811532126652
-0.2221030976731502	-0.1536249036573425	0.9628445372853676
-0.8032447793407478	-0.2492515585964354	-0.5409912060275031
0.3013433465156927	-0.6689227466892791	0.679510519765814
0.9997367015726715	-0.01147017089952707	-0.01987366871399132
-0.6101404146522778	0.1618349534215731	-0.7755888874004011
0.02563549632768192	0.7714730279376987	-0.635745380236997
-0.72265615207069	-0.6494073085401677	-0.2367239605300111
-0.8703125204171123	-0.1319295841174641	0.4745004759110678
0.8270077313702169	-0.1397496256828301	0.5445440793686123
-0.9356644827667071	0.2056788972298662	0.2867545412425856
0.8431264967423249	0.5238941837418594	0.1211304863875378
-0.5182383653739184	0.4864371772738352	0.703425809322106
0.2658407183951486	0.5336352219371596	-0.8028462881219793
0.6110159840985627	-0.3660354528612553	0.7019099047774797
-0.9946941088159078	-0.09695861148570017	-0.03438978839298423
-0.5246128663458967	-0.8495253732342354	0.05556960226231267
-0.2721839534121488	-0.2900575729449386	0.9174870570652405
-0.02574236716250367	0.6904175608896699	-0.722952918348104
-0.4335432279026001	-0.08336428954628872	-0.8972684463237535
0.8534739764095516	-0.505122644285934	0.1281923781715637
0.8245505263029744	0.5525848528398192	0.1215171180760133
0.6633015625415504	-0.5634304304638897	0.4925212555385121
-0.9943755259653879	-0.02140711099529646	0.1037258355469777
0.5228375678524841	0.5890096964412637	-0.6162048808150464
0.9918610759754856	-0.1271999755585913	0.00563668188503641
0.3444074940633564	0.3239408270618105	-0.8811616302333651
-0.8829111106629579	-0.4372926367890919	0.1710062001155661
-0.1953209418960489	-0.2404372210832295	0.9508100085582947
0.8313903169002401	0.3686075850593662	-0.4158348099921905
0.7315801940236795	0.5030179707562681	0.4601775101072776
-0.9522513122369354	-0.04112605508342071	-0.3025327848950061
0.4107146206591805	0.8199557732174458	-0.3987305234668921
0.310185460161295	-0.2421217476036088	-0.9193269492633824
0.5329118193946814	-0.4685306712640198	0.7046162096023263
-0.2951156113337867	-0.7696045012151922	0.5662293595853316
-0.09543636624851759	0.9623645555038962	-0.2544530650377173
0.8147649896276961	0.5684169220346753	0.1142812951520238
0.2631237972258726	0.5189058288254946	0.8133281060828872
-0.07887150074458971	0.3522947315559026	-0.9325597613495118
-0.4329794521643584	-0.4272655744836467	0.7937083361440938
0.7592328665386066	-0.3691611806625459	-0.5359901837342136
-0.4727083280858335	0.8675883201226315	-0.154393469243725
-0.7253590737520099	0.2277552291208793	0.6496012390180224
-0.1045573831494986	0.9944620763151022	-0.01062696570095056
0.848480566711904	-0.5119671536880732	-0.1340535768146864
-0.07983343317587455	-0.9966564880797497	0.01739159900395348
0.08101675018528187	-0.5968679350382029	0.7982386574907641
0.9493809300919942	-0.311458178222507	0.04086138514544491
0.1609768290980056	-0.8588199723990826	0.4863277860682111
-0.5241596125410579	-0.06341553434718961	-0.8492556567867391
0.3525446978341407	0.07755659071896748	-0.9325755793849098
-0.7593553637207724	0.5167164949655341	0.3954535313017948
0.9098647300839953	0.2029652396803927	0.3618719171622393
0.726533577880295	0.5171545953369536	-0.4524379346765137
-0.3268393306918709	-0.8153703332639619	-0.4778569572015479
-0.3297645831363734	0.6514567228259978	-0.6832711452957154
-0.7000143939720553	-0.5105343862752578	0.4993340451666617
-0.03366583418544256	-0.9844839904421065	-0.1722146456367959
-0.4255137560080815	-0.425270734273866	0.7988008800809356
0.1599140302354245	0.452652609236913	0.8772303678537865
0.9619770006212809	-0.02721854552704128	-0.2717708613061838
-0.2516397616973483	-0.5527606770061504	0.7944388360903667
0.802894783719402	0.5418808562097848	0.2484453741761747
-0.9474355090849871	-0.2614567681105839	0.1844080110354844
0.02468028581706605	0.9930857403972779	-0.114767572561238
-0.3690805934999122	-0.8858410117856432	-0.2811853789590719
0.4066542647193936	0.4298536495781171	-0.8061377977305852
0.4762012776673008	-0.2664329222334336	0.8380010985065536
-0.5415592327016383	-0.2636978497271949	-0.7982337010706031
-0.8985068284143036	0.4308119999116249	-0.08418135200293886
0.673819610653521	0.04897993536710477	0.7372707089191723
-0.7676691113192859	0.3320321477020256	0.5481229683370961
0.567959435146463	-0.6441224987792253	0.5123751424440246
0.9056730916760998	0.171845484495849	0.3875891903449533
-0.08919633791583648	0.1221059769020405	-0.9885009578686348
-0.588019203237002	-0.7354555571826453	-0.3366578976256167
0.6428966338349635	-0.05284215186851782	0.7641280162313016
-0.1788109212296178	0.7984697148795981	-0.5748676098625869
-0.2426513102737453	0.9204883542527567	0.3063030057108684
0.7633673832591539	0.6245325394822254	0.1650131670624209
-0.1463113659761439	-0.2796721358220817	-0.9488817000189846
0.4784804372602496	0.7948625246581797	0.3731622141284947
0.7051944710967315	0.5457233654786404	-0.4526441939374539
-0.2842825772584709	-0.8723772365892684	0.3976699301533504
-0.2682806970543394	0.02186399116111515	0.9630926401331075
0.5926509356634106	-0.1377916733739299	0.7935857377789144
-0.8547312002464476	-0.4803790665524321	-0.1966482335122759
0.9358292488269986	0.227998814275189	-0.268775292259221
-0.6071454350139724	0.2822274595687122	-0.7427799686361327
-0.2043978620622782	0.9691710554867017	0.137582626778197
-0.4053569365839849	-0.5679469294776411	0.7163253724810967
-0.3472387615904631	-0.8278934939310614	-0.4404742956810961
-0.7590727177479097	0.6468815777188581	0.07316306157341135
0.847251338878908	0.1304363775985604	-0.5149286554144084
-0.2515933103472872	-0.8024977460469214	0.5410158720205175
-0.1946039717108108	0.6111258840235907	-0.7672381951328895
0.04397053356888048	0.2518043846480471	0.9667787461718924
0.2323272754772527	-0.7355943914338443	0.6363371184839076
-0.6349321828966765	-0.6162851667168638	0.465890240729347
0.714051242477777	0.5548553229532653	0.4269266842285523
-0.2168609149413183	-0.04552348137502493	-0.9751404802459585
-0.6862217693560337	0.4298944598335739	0.5867626749089491
0.1527209537809964	0.08415747316888478	-0.984679557006269
-0.6648685057721413	0.2851024935165656	-0.6904103404664275
0.2942818999667267	-0.6716855015498493	0.6798799529032411
0.5030720273585927	0.2811524986208647	-0.8172342429246209
-0.894396720873424	0.3362684937485598	0.2949203380626284
0.5637760458614234	-0.6823143174363342	0.4654070716418766
0.2218714460681181	0.4775805798001924	-0.8501116698513003
-0.8284623032234149	0.1125891556210803	0.5486108768283009
0.02729661766452418	-0.9474193477797315	-0.3188282831191884
0.6667925561894479	0.4484245563928604	0.5952336551592321
-0.5001905068953025	0.6625779653816692	0.5574943018565648
0.5344843300621358	0.7643344340165614	0.3607206313681388
0.3431271683047683	-0.7593273496368511	-0.5528885262552068
-0.943793368656116	0.1414579740166904	0.298736872293774
-0.1559301977491918	0.9873486742564666	0.0287813980536078
0.7792384844583156	-0.5408443812337128	0.3166618695502408
-0.05096148987075155	0.7112491718394791	-0.7010902524695521
0.7730909215493367	-0.6310007569695159	-0.06456370282076884
0.6745151940105911	0.05346268653723829	0.7363226155681246
0.8175444191400318	0.5752189367314047	0.02728181736249891
-0.4974952194992355	-0.7623868236539841	-0.4138415611006376
-0.2408456609135019	-0.7527717708145207	0.6126402114487139
-0.7883842791725235	-0.4665509467393815	-0.4009743663256073
-0.3444528729948035	0.6618001997511063	0.6658623836011821
-0.4264244872450309	0.01865377661695811	-0.9043307985995734
-0.6493850187841637	-0.662440561347434	-0.3734589670370823
0.9242980243114691	0.2056968673611758	0.3214995505622551
0.4844836426474002	0.7259323812778362	-0.4881575338140509
0.5904931910296645	-0.1027063030965916	-0.8004806097913058
0.2310215694799105	0.4620994049477805	0.8562086044778792
-0.2665252397613158	-0.8379457242736992	-0.4762470574624249
-0.6848089439751384	0.1794231669376352	0.7062889192233972
0.2177598611740832	0.5843348138152969	-0.7817502594978141
-0.3243099409528165	-0.879688549550561	0.3478090251687425
0.8976290695748661	0.4105080585111038	0.1604530690003303
-0.746399623241893	0.3899876364760203	-0.5392561968306198
-0.4011412063089699	0.9108580113266389	0.0970742798226949
-0.3796194413182139	-0.8342118944974549	-0.3999744927520168
-0.3073592474442828	0.5385782550253493	0.7845149815168337
-0.4688105572367518	0.2715856300940482	-0.8405105037712448
0.6786098257423134	-0.01354056131961062	-0.7343741264540604
0.1632648296874466	0.2327869554038369	0.9587256274768861
-0.7908678510490139	-0.06190402624422309	0.6088480382754788
-0.6537081492804555	0.7258905944820941	0.2138889908498993
0.5115861803591502	-0.5543634107634745	0.6564760383077486
0.8850450814036446	-0.2088354861994258	-0.416032382858714
-0.3518299848585849	0.9243234682887722	-0.1477896739459514
-0.2297561456295591	0.6760815623828007	0.7000898760527137
0.7383837618001587	0.6146259371307266	0.2775326606294151
-0.5899585208574258	-0.3580912820860302	-0.7236847223492502
0.9485471455088845	-0.1529585987389479	-0.2772399318619141
0.2414005276649016	-0.930959387949719	0.2739350346914686
-0.9198959709698431	0.1281935376548609	-0.3706181586174688
-0.08506450523266951	-0.5117792895866551	0.8548953086195477
0.3629178710883716	0.9256072101288058	-0.1074332881479272
-0.9794009532619827	-0.1138757436541536	-0.1667515749753439
0.5251952097036385	0.8185430809833472	0.2327170304869446
-0.7359040166327082	-0.4590264629556642	0.4977348537226263
0.1832471778403155	-0.9821977943910275	-0.04132752723051469
0.2146752397394263	0.6769086575016676	-0.704066197769873
-0.2309239586678231	0.9486026854351034	0.2163956341946882
0.5914086135556218	0.5825903656052371	-0.5575162039942838
0.2329180212423489	-0.8940896310292707	0.3825610109074278
-0.8692219217734554	0.4839475190167128	0.1012326505928964
0.8039502270802492	0.3168434963227286	-0.5032635802595222
0.7810042100062553	-0.6242049027129923	-0.02001657766956333
-0.1293802996677149	-0.03842874028513599	0.9908501248816597
-0.9299758506856319	-0.1886885640745226	0.3155020490092886
0.3000707831738669	0.09481990557154507	-0.949192662525812
0.3310612080903388	-0.8059296587632604	0.4907910569921987
-0.5249556452741091	-0.8163889181787188	0.2406879821882431
0.542572964600379	0.5649497635624876	0.6216480859259981
-0.8256486031680392	0.4215386720453094	-0.3749793755087922
-0.06594697439359543	-0.2802178648636685	-0.9576684941980638
0.840183370602932	0.1626236243178607	0.517344624574406
0.7770358736537837	-0.6218239184832973	0.09772545961625356
-0.8235715267174477	-0.2357526116986004	0.515897903133566
-0.2513973767021751	0.6261574338804989	0.7380557072358949
0.8067693223042509	-0.01209616946791947	-0.5907427047987768
-0.0761236628950881	-0.09815151682867762	0.9922557471194988
0.4652657086049592	0.6960103965618295	-0.5468979322270218
0.2432162675738487	0.9270287026366952	0.2854183450221695
-0.7088540754874826	-0.6723089911514936	-0.2133694450516943
0.7054545072632745	0.3405866693278081	-0.6215582505752355
0.6481406696920016	0.6559409178205027	0.3868529237578771
-0.08809523565845145	0.9959882341463406	0.01570563263172975
0.4846518002275229	0.3521159795638433	-0.8007040461194364
0.3214244155974777	0.9450084051804335	0.06037763821297171
-0.5179277809392371	-0.4993428984680266	0.6945556014322607
0.2964368561473285	-0.3493899897552064	-0.8888485953053911
0.1643786837368242	0.9160908132062928	0.3657284105617253
0.4776941782254545	-0.7511255686307499	0.455651898096189
0.8254488980670915	0.4378167355265621	-0.35630130896857
0.1277364387349991	-0.3196345560668782	0.938891448883862
0.6592890140718928	-0.6316154718456235	-0.4079214282792423
-0.8168071880129271	-0.4120833925654979	0.4037490497600618