	Dinucleotide	Direction (ϕB, degrees)	Wedge (θ, degrees)	Twist (degrees)	Tilt-Tilt covariance	Roll-Roll covariance
1	AA	-153.938	7.197	35.606	0.686	1.135
2	AC	142.942	1.1	34.386	0.649	0.999
3	AG	1.999	8.397	27.689	0.719	1.175
4	AT	0.0	2.599	31.487	0.66	0.981
5	CA	-63.974	3.499	34.486	0.97	1.45
6	CC	-56.977	2.099	33.656	0.644	1.107
7	CG	0.0	6.697	29.788	0.96	1.744
8	CT	-1.999	8.397	27.689	0.719	1.175
9	GA	119.952	5.298	36.885	0.681	1.264
10	GC	179.927	4.998	39.984	0.674	0.97
11	GG	56.977	2.099	33.656	0.644	1.107
12	GT	-142.942	1.1	34.386	0.649	0.999
13	TA	0.0	0.9	35.986	1.089	1.962
14	TC	-119.952	5.298	36.885	0.681	1.264
15	TG	63.974	3.499	34.486	0.97	1.45
16	TT	153.938	7.197	35.606	0.686	1.135
