52
63
69
94
122
134
159
196
199
200
202
203
204
213
217
227
247
250
254
259
288
292
297
305
317
337
346
353
358
375
396
436
446
449
451
452
454
470
471
476
478
483
484
485
486
487
489
490
492
493
495
505
511
518
519
529
539
546
548
549
550
554
564
565
569
575
577
587
614
622
628
630
631
633
636
644
645
651
654
656
669
670
672
673
676
680
715
726
727
730
731
747
754
762
779
803
807
817
818
823
824
847
853
861
926
964
996
1014
1017
1019
1052
1061
1075
1076
1079
1112
1140
1238
1245
1247
1249
1252
1254
1282
1283
1284
1288
1290
1292
1294
1296
1299
1302
1309
1310
1311
1314
1328
1329
1334
1338
1340
1341
1343
1345
1354
1363
1366
1374
1376
1377
1379
1390
1393
1397
1407
1421
1426
1467
1474
1476
1479
1482
1491
1492
1494
1496
1497
1498
1501
1504
1505
1509
1511
1519
1522
1525
1547
1548
1552
1561
1571
1580
1583
1587
1588
1589
1590
1597
1598
1599
1600
1605
1614
1625
1629
1633
1641
1643
1648
1655
1656
1659
1661
1680
1687
1694
1697
1703
1705
1710
1717
1724
1725
1736
1744
1748
1749
1750
1766
1769
1772
1775
1781
1784
1788
1791
1792
1793
1794
1797
1799
1823
1824
1829
1830
1863
1886
1893
1901
1915
1927
1935
1960
1967
1969
1971
2014
2026
2041
2045
2074
2094
2098
2109
2111
2112
2113
2116
2120
2123
2124
2133
2139
2143
2149
2162
2177
2242
2283
2285
2287
2317
2325
2377
2423
2434
2718
2748
2756
4909
5007
5861
13035
13373
13502
13689
28026
28028
28031
28035
28047
28087
28091
28104
28109
28113
28116
28118
28119
28131
28135
28141
28172
28184
28188
28189
28264
28449
28450
28885
28894
28898
28985
29284
29314
29341
29379
29380
29385
29391
29430
29433
29447
29449
29466
29471
29485
29486
29494
29519
29552
29553
29554
29555
29556
29559
29561
29575
29581
31958
32002
33011
33013
33025
33028
33033
33035
33037
33047
33050
33059
33074
33887
33888
33889
33899
33923
33932
33936
33938
33941
33962
33964
33968
34004
34061
34062
35703
35746
35755
35757
35760
35787
35806
35814
35841
36329
36805
36809
36813
36818
36822
36874
37326
37332
37448
37921
37928
37929
37931
38289
38300
38301
38310
38313
38323
39688
39689
39691
39692
39694
39695
39778
39791
39960
40041
40215
40324
40545
41276
41673
41675
41899
42197
42253
42256
42260
42881
43348
43659
43674
43765
43767
43769
43771
44008
44010
44139
44251
44275
44574
44577
44742
44935
45056
45067
45243
45363
45398
45610
45655
45656
45658
46125
46127
46541
46867
47304
47421
47466
47490
47671
47763
47853
47879
47883
47917
47951
47960
48074
48254
48664
48665
49899
51101
51161
51515
51663
51664
51665
51669
52764
52771
52773
52774
53336
53346
53376
53408
53442
53444
53462
53501
53558
53952
54005
54006
54077
54262
54291
54571
54736
54757
55213
55583
56110
56453
56454
56455
56780
56956
57037
57320
57704
58346
59277
59374
59505
59737
60035
60519
60548
60550
60890
60894
61015
61635
61646
61647
61648
61651
61652
61858
62977
63186
63737
65058
65393
65741
66269
66374
66892
66969
67081
67258
67260
67304
67305
67351
68173
68203
68209
68210
68214
68270
68278
68895
69014
69218
69362
69395
69527
69539
69656
69666
69964
69966
70255
70348
70601
70775
71237
71997
71998
71999
72360
72361
72758
72803
73010
73044
74661
74700
74969
75105
75385
75906
76114
76115
76116
76123
76258
76629
76731
76758
76759
76760
76761
76775
76857
76936
76947
78327
78398
79263
79604
79929
79967
80860
81459
81460
81479
82348
82380
82541
82688
82977
82985
83262
83559
83655
83656
83683
83684
83771
84022
84032
84096
84110
84531
85336
85581
85693
86185
86660
87541
88688
89152
91353
92400
92401
92647
92945
92947
93218
93219
93220
93221
93222
93378
93973
94624
94869
95301
95486
95641
96344
96561
96773
97481
101571
103733
103855
104336
104955
105219
105559
106370
106592
106634
106649
107401
108981
109232
109328
109472
109790
110505
110937
111015
111769
111780
111831
111844
112234
113653
114090
114527
114529
114880
114881
114885
115561
116188
118062
118163
119981
120107
121428
121627
122355
123214
123824
126385
126673
128574
128780
128785
128944
129338
129394
129921
132473
133549
134601
135487
135569
135740
136857
137545
138532
138851
139021
139438
141451
142649
142650
142651
143387
146017
146827
146919
146922
146923
147375
147645
150055
150120
150340
152297
152331
152682
153151
153493
153496
154288
155085
155322
155866
156889
156978
157268
157687
157691
157692
157779
158189
158190
158822
158823
158841
158847
158899
159087
160799
160825
161398
161895
161896
161899
162209
162426
162496
163003
163877
164516
166935
167539
167879
169427
169480
169760
169765
170573
170673
171279
171281
171282
171284
171285
171865
172042
172713
173860
176102
176292
177437
177439
178306
178399
179408
179636
180282
180957
182082
182773
183190
183417
185642
186497
187272
187420
187491
187880
188770
188937
189425
189426
189834
190148
190192
190721
190895
191610
192421
192812
192952
194196
194439
194963
195103
195105
195522
196164
197221
197482
197575
197614
198119
198467
198618
198628
199591
200618
200991
202751
202947
202956
203122
203124
203267
204039
204042
204536
204722
206403
207340
207559
207949
208223
208439
208479
208962
212765
213419
214888
215221
215578
215580
215691
216142
216427
216432
216816
216929
216931
216932
216934
216938
216942
216946
217203
217204
218144
218208
218936
219745
220927
221027
221109
221822
221988
222891
223283
223919
223967
224324
224914
224915
225084
225848
225849
225937
225992
225999
226665
227318
227866
227882
227941
227945
228410
230089
231049
232537
235279
235909
236753
237609
238800
238836
239935
240015
240427
241368
242600
243090
243159
243161
243231
243232
243233
243265
243273
243274
243275
243365
244366
244566
244734
246194
246197
246200
246432
247156
247480
247523
248315
249188
251221
251229
252514
252967
253703
254246
254247
255507
256326
257438
259536
259564
260364
260552
260554
261164
261594
262209
262324
262543
263820
264198
264202
264203
264462
264636
264731
265072
265293
265311
265668
265883
265959
265960
266117
266265
266748
266749
266835
266940
266951
267212
267747
267748
267818
268739
269484
269673
269798
269799
269800
271848
271865
272123
272557
272558
272564
272569
272633
272635
272844
272944
273035
273063
273068
273075
273116
273121
273384
273677
274537
278148
278197
278992
279010
279058
279113
279238
280699
282676
283686
283942
284034
284811
285473
285570
285729
286727
287094
288004
288705
289377
290110
290315
290317
290318
290338
290398
290512
291112
292459
292462
292564
292800
293387
293614
293826
294671
294699
296587
296842
298596
298654
299767
300028
300181
300852
301301
302167
303541
304207
304371
306263
308354
309798
309799
309800
309801
309803
311182
311230
311231
312153
312285
313595
313596
314260
314275
314281
314724
315358
315405
316067
316275
316276
317025
317577
317655
317658
318161
318167
318683
319224
319225
319706
319707
319795
319939
320483
320778
320787
321846
321983
322710
323097
323098
323259
323261
323273
323450
323848
323850
324079
324831
324925
325776
326297
326298
326424
326427
326522
326523
329726
330734
331113
331636
332101
332648
333146
333962
333965
333966
334542
335283
335284
335541
335543
336203
336407
336820
337243
338963
338966
338969
339617
340047
340102
340146
340177
342108
342950
343403
343874
345632
347257
347515
347534
348780
348826
349101
349124
349161
349521
349967
350058
350688
350701
351160
351605
351607
351627
351671
351679
353852
356322
357276
357441
357804
357809
358396
359385
359387
359391
360095
360910
361101
361183
362257
362837
362976
363835
363852
365044
365046
366522
367190
367825
368407
368408
368607
369723
370038
370324
371142
373687
373903
375549
375899
376686
379066
379684
381666
381764
382638
382640
383372
383750
384616
384676
386415
386490
386874
386891
386911
387090
387631
388950
390874
391037
391038
391592
391595
391616
391623
391626
391735
391905
391936
392416
392499
392500
392593
393595
393921
394503
394935
394958
395494
395495
395631
395962
395963
395965
396015
396588
397945
397948
398053
398511
398527
398579
398580
398694
398767
399497
399550
400065
400092
400770
401053
401471
401472
402384
402881
403833
404380
404405
404941
405532
405948
406327
406548
406818
407035
408015
408139
410072
410358
410359
411154
411468
411470
411490
411966
412384
412418
414771
414778
414996
415426
416348
416591
417367
417368
418223
418699
418701
419610
419665
420247
420662
421767
425104
426118
426355
429009
431947
433286
433296
433659
434131
435590
435897
436017
436113
436308
436717
437900
438753
439334
441162
441209
441768
443218
443254
444157
444178
444597
445709
445710
445932
446462
446465
446466
446469
446470
446471
446679
446692
446860
448385
449447
449461
449520
450378
450851
451876
452637
452652
452659
452662
453304
453591
453783
454601
455488
455632
456163
456320
456442
457423
457570
458197
458817
459526
459858
460265
463014
463025
465515
465721
465817
469371
469378
469382
469383
469615
469616
469618
470076
470933
470934
471852
471853
471854
471857
472569
472759
475662
476157
477245
477680
479431
479432
479433
479434
479435
479437
480035
480224
480520
481146
481448
482462
482957
483179
483547
483913
484019
485914
485915
485916
485917
485918
487521
488546
488729
488731
491950
491952
492670
496014
496057
497725
497965
498211
498761
498848
499555
502025
504832
505249
505682
507626
508451
508536
509193
511051
512564
512565
512763
515393
515620
515622
515635
516051
517417
517418
518635
518766
519081
519441
519442
519450
519472
521010
521011
521045
521095
521096
521097
521098
521460
521674
522448
522484
522772
523791
523794
523841
523844
523846
523849
523850
525897
525898
525903
525904
525909
526222
526224
526225
526226
526227
526944
528244
529507
529709
529884
530564
530584
531813
536019
536044
536227
536231
536441
537007
538220
538381
543526
543728
543877
544580
544645
545694
545695
545776
546160
546269
546271
546414
547558
547559
548476
548479
549298
550540
551115
551989
551996
552811
553174
553510
553814
554344
554406
555079
556054
556288
556325
556499
557599
557723
558152
558173
558537
560555
561061
561229
561879
562959
562970
563040
564064
564137
565575
565655
566552
568706
568768
568813
568815
569860
571177
571913
571915
572477
572478
572479
572480
572544
572545
572546
572547
573059
573061
573063
573064
573065
573066
573370
573413
573569
573570
573729
573737
573826
574087
574556
574987
575540
576610
577650
578455
579137
579405
580033
580165
580327
580331
580332
580340
582402
582419
582744
582899
583345
583346
583355
583358
584609
587753
589865
589873
589924
590168
590652
590998
591001
591019
592029
593117
593750
593907
594679
595494
598659
604354
607711
607712
608506
608538
610130
617123
619593
621376
622488
624315
626774
626932
626937
630626
632292
632335
632348
632516
632518
632773
633147
633148
633149
634177
634497
634498
634500
634503
634504
637390
637905
637910
637971
638303
639200
639282
639283
640030
640132
641147
641491
642492
643214
643561
643562
643648
643867
644282
644283
644295
644966
645127
645517
645991
646529
647113
648757
648995
648996
649196
649349
649638
649639
651182
653733
653931
653940
655015
655813
655815
656178
656179
656366
656519
657387
658445
660470
660522
661191
661367
661478
661481
662755
663278
663364
663365
664683
665029
665913
665914
666509
666510
666681
666685
667014
667015
667120
670052
670487
674079
675090
675635
679901
679926
679935
680198
681645
682795
682798
682956
682998
683042
683837
688269
688270
690850
692036
692370
693153
693661
693746
693973
693977
693978
693979
693986
694427
694429
694430
696125
696281
696485
697281
697303
697329
697581
698758
698761
698828
699246
700015
700598
701042
701521
703612
706587
708126
708131
708248
709032
709986
710696
713585
714067
715451
716544
716816
716928
717231
717605
717772
717773
717774
718192
720554
722438
722731
743299
743718
743966
743967
743971
743972
744515
744872
745377
745776
746697
747365
748449
748727
749222
749414
751945
754035
754476
754477
754502
755178
755307
755732
756272
756499
757414
758793
758802
759914
760011
760142
760154
760192
761193
762051
762903
762948
762982
765177
765910
765911
765912
765952
767434
767452
767817
768066
768492
768670
768672
768679
768704
768706
771875
795359
795797
796027
797210
797291
797299
797302
797303
797304
838561
856793
857087
857417
858215
858423
859143
860235
861299
861360
862126
862908
863239
863372
864564
864828
866536
866895
867900
867904
868131
869209
869210
869211
869212
869250
869886
869889
870501
871742
871963
871968
873191
875328
877455
877500
879243
880070
880071
880072
880073
880074
880724
881260
882378
882626
885040
885957
886293
886377
888057
888061
888845
889201
889378
889453
891968
904291
906968
908290
913107
913109
913848
914150
914153
925775
926550
926556
926562
926566
926569
926570
926571
927083
929556
929713
929813
930166
930169
931089
931276
931626
931866
933801
936140
936155
936337
937773
937777
938155
940295
941638
941640
943945
944546
945713
946333
947919
980251
980254
980445
981222
981385
984262
985008
985053
985079
985665
985762
988812
991789
991791
991905
996801
997761
999552
999630
1003195
1003201
1003335
1004901
1006006
1006155
1006576
1007676
1008459
1028800
1029756
1031538
1031564
1031733
1031753
1032066
1032070
1032238
1032239
1032241
1032480
1032623
1033806
1034807
1036672
1036743
1038856
1038929
1041930
1045317
1045855
1045858
1048245
1048396
1049583
1050174
1051074
1051646
1051973
1052095
1054033
1054034
1054460
1055529
1056495
1069201
1072256
1072463
1072685
1073571
1073999
1074000
1074311
1074467
1075399
1076124
1076588
1077935
1077946
1078773
1080223
1081866
1082704
1082851
1082933
1085623
1085644
1085647
1086726
1088721
1089553
1091494
1094466
1094489
1095774
1104324
1104446
1105094
1105107
1105110
1108595
1109412
1110502
1110509
1111676
1111760
1112204
1114980
1116211
1117313
1117319
1117645
1117647
1118202
1118379
1121088
1121120
1121121
1121267
1121335
1121353
1121362
1121464
1122214
1122247
1123269
1123366
1123383
1123384
1124835
1124983
1125847
1126833
1128330
1128398
1133546
1134435
1134687
1136880
1136941
1137606
1138189
1138190
1138194
1138383
1138822
1141221
1141883
1142394
1142511
1143323
1144275
1144748
1145276
1147128
1147786
1149133
1150423
1150461
1150468
1150469
1150621
1151742
1158459
1158600
1159197
1159327
1159491
1159554
1159613
1160718
1160721
1162668
1163398
1163617
1163730
1163745
1167006
1168034
1169025
1170318
1170562
1172565
1172567
1173022
1173064
1173586
1175631
1176198
1176533
1176536
1176587
1176646
1177574
1178482
1178515
1178516
1178537
1178778
1179773
1182568
1182571
1183438
1184251
1184267
1185653
1188319
1189310
1191523
1192854
1193502
1194971
1196094
1196095
1197325
1197717
1198114
1198301
1198449
1200352
1201031
1201294
1202450
1202785
1202962
1208324
1209989
1210884
1211326
1211579
1212491
1214242
1214604
1215089
1216932
1218315
1218493
1218494
1218801
1219035
1219067
1220207
1221500
1221524
1222016
1223523
1223802
1224162
1224163
1224164
1225174
1225786
1226753
1227739
1229512
1229621
1229726
1229756
1230341
1231624
1232575
1234367
1234378
1234841
1235441
1235591
1236046
1236517
1236608
1239307
1241978
1241979
1241981
1241982
1244531
1245469
1246995
1247726
1248439
1249552
1249650
1250539
1255043
1259973
1260251
1263829
1265309
1265445
1266052
1266844
1266925
1267021
1267766
1268072
1273132
1273541
1274631
1276220
1276221
1276227
1276229
1276246
1276257
1276258
1276259
1276282
1278073
1278232
1278309
1280002
1282737
1285901
1286171
1286180
1286181
1286528
1286640
1287055
1287640
1288313
1288494
1288495
1288636
1291379
1291742
1293036
1293037
1293412
1293592
1294262
1294270
1294273
1295826
1296669
1297742
1298593
1298851
1300342
1300343
1300344
1300347
1301915
1302235
1302659
1303590
1303692
1306519
1306993
1307443
1307761
1307763
1307839
1309411
1310168
1312183
1313172
1314869
1314884
1315211
1316930
1318466
1318743
1319510
1323375
1324350
1324352
1325090
1325095
1325107
1325115
1325564
1325724
1329908
1330330
1331258
1331682
1331910
1332264
1333996
1334193
1335043
1335048
1335061
1335757
1336748
1336749
1336806
1338368
1341692
1341694
1343071
1343739
1344584
1345695
1348114
1348584
1348662
1349754
1349767
1354275
1354304
1355015
1355330
1355477
1356861
1365188
1366053
1367477
1367847
1379270
1379870
1379910
1380685
1383885
1384459
1384484
1385939
1387353
1388752
1389489
1389713
1391653
1391654
1396826
1397108
1401087
1401325
1402135
1403316
1404245
1404367
1404768
1404864
1407499
1408159
1408160
1408189
1408281
1411621
1411902
1413221
1415773
1416627
1418105
1420885
1420917
1423721
1423732
1423778
1423891
1423892
1424294
1424653
1427523
1430440
1431246
1431546
1432060
1432656
1432792
1433513
1434106
1434110
1434111
1434120
1434123
1434191
1434214
1435045
1435069
1437453
1437605
1437824
1437874
1437875
1440763
1441386
1441467
1441629
1441930
1444684
1444770
1445510
1447062
1448857
1449976
1453495
1454006
1458307
1458425
1458426
1458465
1460372
1462615
1462996
1463165
1470066
1470067
1470176
1470434
1471400
1471761
1472755
1472767
1473112
1473598
1476025
1481663
1481923
1482074
1484109
1484693
1486034
1486262
1492737
1492898
1493872
1499308
1499973
1500254
1500843
1503054
1505907
1508404
1510150
1511761
1514105
1515612
1520670
1526412
1526658
1528099
1530123
1531429
1532023
1532350
1532552
1534348
1534349
1537215
1537400
1538158
1538159
1538553
1542390
1543721
1544730
1546149
1547283
1547898
1548547
1548548
1549850
1549855
1549858
1549949
1550241
1550579
1550728
1552759
1553431
1555112
1560345
1561924
1564138
1565605
1578165
1579316
1579979
1580092
1582259
1582439
1586287
1591088
1591409
1592106
1598147
1603606
1603886
1604004
1605891
1609559
1609977
1612150
1612173
1612552
1615494
1616117
1616788
1617283
1618207
1619308
1619313
1620215
1622118
1628086
1628248
1630135
1631871
1633874
1639133
1641165
1642646
1642647
1643322
1646340
1648404
1648923
1652495
1653476
1654388
1660067
1664069
1670641
1670800
1670830
1670831
1671680
1671868
1673428
1674146
1675686
1677857
1678728
1679444
1679497
1679721
1685010
1690221
1691904
1697053
1701758
1702221
1712410
1712516
1712654
1715720
1715806
1716543
1717717
1720083
1727163
1735038
1736674
1737446
1737490
1740262
1742359
1745854
1751046
1752398
1755811
1756149
1758178
1758689
1761016
1761453
1763534
1763535
1763536
1765219
1768108
1769779
1771309
1774273
1777866
1777867
1778540
1778678
1783515
1784713
1784714
1784719
1785128
1785145
1788301
1789224
1790137
1794699
1795355
1796613
1796646
1803846
1804624
1804986
1805431
1805478
1807691
1809410
1810504
1811193
1811807
1812935
1813019
1813871
1813879
1814128
1814290
1815583
1816183
1817405
1821621
1825069
1826607
1827580
1833852
1835254
1838286
1839801
1842532
1842727
1844006
1847728
1848766
1848904
1849015
1849581
1850093
1850238
1850246
1850252
1850254
1851148
1851514
1851544
1852022
1852373
1852374
1852377
1853130
1853278
1855823
1855912
1858656
1862358
1867719
1867846
1868589
1868793
1868794
1870820
1870984
1871021
1871025
1871111
1873524
1874277
1874317
1882682
1883414
1888195
1888915
1890302
1891094
1891186
1891279
1891644
1891675
1891787
1891926
1897729
1903056
1903694
1903704
1904616
1905730
1906744
1908198
1909699
1912795
1912871
1912897
1913577
1914461
1914471
1915078
1917166
1917421
1917441
1918945
1921086
1921087
1921510
1926868
1929477
1930071
1932004
1933880
1935204
1935379
1936003
1936021
1940610
1940612
1940790
1941349
1944646
1945662
1959104
1960083
1965282
1967665
1967781
1969806
1969821
1972068
1972431
1977088
1979527
1982042
1982626
1986146
1986204
2003188
2004650
2005468
2005703
2006110
2007306
2010829
2010972
2014887
2016517
2017483
2017484
2017485
2018305
2021234
2021971
2025808
2026191
2026199
2026624
2027290
2028345
2029849
2029983
2036206
2038116
2041044
2042057
2042961
2043170
2044521
2044912
2045208
2045451
2047767
2047966
2048283
2049305
2049881
2051957
2052660
2055160
2055893
2057025
2057246
2057743
2058175
2065379
2067960
2068654
2069432
2071607
2071710
2072590
2079234
2079535
2079792
2079793
2080740
2080742
2080757
2081791
2086471
2086584
2093856
2093857
2094119
2099786
2107999
2108365
2108399
2109914
2109915
2116657
2126346
2126553
2133959
2136182
2144175
2153354
2161677
2161747
2161816
2161821
2162713
2163011
2171755
2172098
2172103
2173034
2173853
2174846
2175091
2182384
2183582
2183896
2184053
2184083
2201181
2201350
2202141
2202148
2202254
2202825
2202827
2203724
2211106
2211140
2211210
2211211
2213194
2213200
2213226
2220095
2220096
2233851
2233999
2249302
2259340
2259620
2259622
2267253
2267275
2267833
2268024
2269374
2282738
2283160
2283318
2291597
2292255
2294034
2303538
2305508
2315862
2319843
2321403
2339259
2341112
2341117
2364787
2382163
2419771
2419772
2419773
2419774
2420509
2478464
2479546
2483033
2483360
2483799
2485784
2487072
2487118
2488810
2488819
2489595
2490633
2490858
2492438
2494234
2494373
2494374
2494550
2494701
2495582
2496028
2496265
2496836
2496866
2498113
2500533
2500547
2500548
2502779
2502781
2502791
2502979
2505970
2505979
2506420
2506452
2507935
2509455
2509456
2509458
2509459
2509614
2509675
2511995
2518177
2518370
2518371
2518645
2520507
2527775
2527968
2527972
2527984
2527990
2527995
2528007
2528009
2528010
2528019
2528020
2528021
2528023
2528026
2528037
2541726
2547394
2547970
2548456
2558918
2560010
2560053
2562449
2564040
2565368
2566013
2571747
2571748
2571750
2572594
2572923
2576891
2579935
2579971
2580412
2582913
2583231
2583377
2583452
2584944
2585118
2585119
2585771
2586643
2587862
2588449
2588711
2589074
2589080
2590869
2590900
2591109
2591633
2593973
2594003
2594004
2594473
2594795
2594883
2594913
2598579
2599296
2599401
2599595
2601677
2601894
2602015
2602016
2602769
2603215
2604832
2605945
2606626
2607663
2608981
2608982
2609667
2613965
2614638
2614639
2615203
2650471
2651334
2652177
2653200
2653932
2656914
2662028
2662362
2662397
2663009
2665642
2666100
2666332
2674991
2675053
2675054
2675298
2678688
2679994
2681983
2682091
2682456
2683272
2684406
2686014
2686077
2686078
2686094
2686304
2692134
2694929
2694930
2696063
2697010
2697032
2698458
2698682
2698828
2703787
2703885
2704462
2704463
2704465
2706014
2707005
2708110
2708117
2708301
2710756
2712223
2712698
2714036
2714855
2714933
2714934
2714935
2714946
2714947
2715163
2715164
2715678
2715679
2719119
2724191
2728835
2729175
2731755
2731756
2732067
2732487
2735870
2736640
2737173
2739063
2739433
2740462
2740515
2741499
2742145
2743470
2745197
2749961
2749962
2750620
2751313
2761123
2762277
2763006
2763317
2770636
2773299
2773454
2774151
2774460
2774461
2779528
2781774
2789776
2795387
2807512
2819280
2835648
2836161
